node map ascii
1 0
2 1
3 9649
4 9648
5 2
6 9650
7 3
8 9651
9 4
10 9652
11 5
12 9653
13 6
14 9654
15 7
16 9655
17 8
18 9656
19 9
20 9657
21 10
22 9658
23 11
24 9659
25 12
26 9660
27 13
28 9661
29 14
30 9662
31 15
32 9663
33 16
34 9664
35 17
36 9665
37 18
38 9666
39 19
40 9667
41 20
42 9668
43 21
44 9669
45 22
46 9670
47 23
48 9671
49 24
50 9672
51 25
52 9673
53 26
54 9674
55 27
56 9675
57 28
58 9676
59 29
60 9677
61 30
62 9678
63 31
64 9679
65 32
66 9680
67 33
68 9681
69 34
70 9682
71 35
72 9683
73 36
74 9684
75 37
76 9685
77 38
78 9686
79 39
80 9687
81 40
82 9688
83 41
84 9689
85 42
86 9690
87 43
88 9691
89 44
90 9692
91 45
92 9693
93 46
94 9694
95 47
96 9695
97 48
98 9696
99 49
100 9697
101 50
102 9698
103 51
104 9699
105 52
106 9700
107 53
108 9701
109 54
110 9702
111 55
112 9703
113 56
114 9704
115 57
116 9705
117 58
118 9706
119 59
120 9707
121 60
122 9708
123 61
124 9709
125 62
126 9710
127 63
128 9711
129 64
130 9712
131 65
132 9713
133 66
134 9714
135 67
136 9715
137 68
138 9716
139 69
140 9717
141 70
142 9718
143 71
144 9719
145 72
146 9720
147 73
148 9721
149 74
150 9722
151 75
152 9723
153 76
154 9724
155 77
156 9725
157 78
158 9726
159 79
160 9727
161 80
162 9728
163 81
164 9729
165 82
166 9730
167 83
168 9731
169 84
170 9732
171 85
172 9733
173 86
174 9734
175 87
176 9735
177 88
178 9736
179 89
180 9737
181 90
182 9738
183 91
184 9739
185 92
186 9740
187 93
188 9741
189 94
190 9742
191 95
192 9743
193 96
194 9744
195 97
196 9745
197 98
198 9746
199 99
200 9747
201 100
202 9748
203 101
204 9749
205 102
206 9750
207 103
208 9751
209 104
210 9752
211 105
212 9753
213 106
214 9754
215 107
216 9755
217 108
218 9756
219 109
220 9757
221 110
222 9758
223 111
224 9759
225 112
226 9760
227 113
228 9761
229 114
230 9762
231 115
232 9763
233 116
234 9764
235 117
236 9765
237 118
238 9766
239 119
240 9767
241 120
242 9768
243 121
244 9769
245 122
246 9770
247 123
248 9771
249 124
250 9772
251 125
252 9773
253 126
254 9774
255 127
256 9775
257 128
258 9776
259 129
260 9777
261 130
262 9778
263 131
264 9779
265 132
266 9780
267 133
268 9781
269 134
270 9782
271 135
272 9783
273 136
274 9784
275 137
276 9785
277 138
278 9786
279 139
280 9787
281 140
282 9788
283 141
284 9789
285 142
286 9790
287 143
288 9791
289 144
290 9792
291 145
292 9793
293 146
294 9794
295 147
296 9795
297 148
298 9796
299 149
300 9797
301 150
302 9798
303 151
304 9799
305 152
306 9800
307 153
308 9801
309 154
310 9802
311 155
312 9803
313 156
314 9804
315 157
316 9805
317 158
318 9806
319 159
320 9807
321 160
322 9808
323 161
324 9809
325 162
326 9810
327 163
328 9811
329 164
330 9812
331 165
332 9813
333 166
334 9814
335 167
336 9815
337 168
338 9816
339 169
340 9817
341 170
342 9818
343 171
344 9819
345 172
346 9820
347 173
348 9821
349 174
350 9822
351 175
352 9823
353 176
354 9824
355 177
356 9825
357 178
358 9826
359 179
360 9827
361 180
362 9828
363 181
364 9829
365 182
366 9830
367 183
368 9831
369 184
370 9832
371 185
372 9833
373 186
374 9834
375 187
376 9835
377 188
378 9836
379 189
380 9837
381 190
382 9838
383 191
384 9839
385 192
386 9840
387 193
388 9841
389 194
390 9842
391 195
392 9843
393 196
394 9844
395 197
396 9845
397 198
398 9846
399 199
400 9847
401 200
402 9848
403 201
404 9849
405 202
406 9850
407 203
408 9851
409 204
410 9852
411 205
412 9853
413 206
414 9854
415 207
416 9855
417 208
418 9856
419 209
420 9857
421 210
422 9858
423 211
424 9859
425 212
426 9860
427 213
428 9861
429 214
430 9862
431 215
432 9863
433 216
434 9864
435 217
436 9865
437 218
438 9866
439 219
440 9867
441 220
442 9868
443 221
444 9869
445 222
446 9870
447 223
448 9871
449 224
450 9872
451 225
452 9873
453 226
454 9874
455 227
456 9875
457 228
458 9876
459 229
460 9877
461 230
462 9878
463 231
464 9879
465 232
466 9880
467 233
468 9881
469 234
470 9882
471 235
472 9883
473 236
474 9884
475 237
476 9885
477 238
478 9886
479 239
480 9887
481 240
482 9888
483 241
484 9889
485 242
486 9890
487 243
488 9891
489 244
490 9892
491 245
492 9893
493 246
494 9894
495 247
496 9895
497 248
498 9896
499 249
500 9897
501 250
502 9898
503 251
504 9899
505 252
506 9900
507 253
508 9901
509 254
510 9902
511 255
512 9903
513 256
514 9904
515 257
516 9905
517 258
518 9906
519 259
520 9907
521 260
522 9908
523 261
524 9909
525 262
526 9910
527 263
528 9911
529 264
530 9912
531 265
532 9913
533 266
534 9914
535 267
536 9915
537 268
538 9916
539 269
540 9917
541 270
542 9918
543 271
544 9919
545 272
546 9920
547 273
548 9921
549 274
550 9922
551 275
552 9923
553 276
554 9924
555 277
556 9925
557 278
558 9926
559 279
560 9927
561 280
562 9928
563 281
564 9929
565 282
566 9930
567 283
568 9931
569 284
570 9932
571 285
572 9933
573 286
574 9934
575 287
576 9935
577 288
578 9936
579 289
580 9937
581 290
582 9938
583 291
584 9939
585 292
586 9940
587 293
588 9941
589 294
590 9942
591 295
592 9943
593 296
594 9944
595 297
596 9945
597 298
598 9946
599 299
600 9947
601 300
602 9948
603 301
604 9949
605 302
606 9950
607 303
608 9951
609 304
610 9952
611 305
612 9953
613 306
614 9954
615 307
616 9955
617 308
618 9956
619 309
620 9957
621 310
622 9958
623 311
624 9959
625 312
626 9960
627 313
628 9961
629 314
630 9962
631 315
632 9963
633 316
634 9964
635 317
636 9965
637 318
638 9966
639 319
640 9967
641 320
642 9968
643 321
644 9969
645 322
646 9970
647 323
648 9971
649 324
650 9972
651 325
652 9973
653 326
654 9974
655 327
656 9975
657 328
658 9976
659 329
660 9977
661 330
662 9978
663 331
664 9979
665 332
666 9980
667 333
668 9981
669 334
670 9982
671 335
672 9983
673 336
674 9984
675 337
676 9985
677 338
678 9986
679 339
680 9987
681 340
682 9988
683 341
684 9989
685 342
686 9990
687 343
688 9991
689 344
690 9992
691 345
692 9993
693 346
694 9994
695 347
696 9995
697 348
698 9996
699 349
700 9997
701 350
702 9998
703 351
704 9999
705 352
706 10000
707 353
708 10001
709 354
710 10002
711 355
712 10003
713 356
714 10004
715 357
716 10005
717 358
718 10006
719 359
720 10007
721 360
722 10008
723 361
724 10009
725 362
726 10010
727 363
728 10011
729 364
730 10012
731 365
732 10013
733 366
734 10014
735 367
736 10015
737 368
738 10016
739 369
740 10017
741 370
742 10018
743 371
744 10019
745 372
746 10020
747 373
748 10021
749 374
750 10022
751 375
752 10023
753 376
754 10024
755 377
756 10025
757 378
758 10026
759 379
760 10027
761 380
762 10028
763 381
764 10029
765 382
766 10030
767 383
768 10031
769 384
770 10032
771 385
772 10033
773 386
774 10034
775 387
776 10035
777 388
778 10036
779 389
780 10037
781 390
782 10038
783 391
784 10039
785 392
786 10040
787 393
788 10041
789 394
790 10042
791 395
792 10043
793 396
794 10044
795 397
796 10045
797 398
798 10046
799 399
800 10047
801 400
802 10048
803 401
804 10049
805 402
806 10050
807 403
808 10051
809 404
810 10052
811 405
812 10053
813 406
814 10054
815 407
816 10055
817 408
818 10056
819 409
820 10057
821 410
822 10058
823 411
824 10059
825 412
826 10060
827 413
828 10061
829 414
830 10062
831 415
832 10063
833 416
834 10064
835 417
836 10065
837 418
838 10066
839 419
840 10067
841 420
842 10068
843 421
844 10069
845 422
846 10070
847 423
848 10071
849 424
850 10072
851 425
852 10073
853 426
854 10074
855 427
856 10075
857 428
858 10076
859 429
860 10077
861 430
862 10078
863 431
864 10079
865 432
866 10080
867 433
868 10081
869 434
870 10082
871 435
872 10083
873 436
874 10084
875 437
876 10085
877 438
878 10086
879 439
880 10087
881 440
882 10088
883 441
884 10089
885 442
886 10090
887 443
888 10091
889 444
890 10092
891 445
892 10093
893 446
894 10094
895 447
896 10095
897 448
898 10096
899 449
900 10097
901 450
902 10098
903 451
904 10099
905 452
906 10100
907 453
908 10101
909 454
910 10102
911 455
912 10103
913 456
914 10104
915 457
916 10105
917 458
918 10106
919 459
920 10107
921 460
922 10108
923 461
924 10109
925 462
926 10110
927 463
928 10111
929 464
930 10112
931 465
932 10113
933 466
934 10114
935 467
936 10115
937 468
938 10116
939 469
940 10117
941 470
942 10118
943 471
944 10119
945 472
946 10120
947 473
948 10121
949 474
950 10122
951 475
952 10123
953 476
954 10124
955 477
956 10125
957 478
958 10126
959 479
960 10127
961 480
962 10128
963 481
964 10129
965 482
966 10130
967 483
968 10131
969 484
970 10132
971 485
972 10133
973 486
974 10134
975 487
976 10135
977 488
978 10136
979 489
980 10137
981 490
982 10138
983 491
984 10139
985 492
986 10140
987 493
988 10141
989 494
990 10142
991 495
992 10143
993 496
994 10144
995 497
996 10145
997 498
998 10146
999 499
1000 10147
1001 500
1002 10148
1003 501
1004 10149
1005 502
1006 10150
1007 503
1008 10151
1009 504
1010 10152
1011 505
1012 10153
1013 506
1014 10154
1015 507
1016 10155
1017 508
1018 10156
1019 509
1020 10157
1021 510
1022 10158
1023 511
1024 10159
1025 512
1026 10160
1027 513
1028 10161
1029 514
1030 10162
1031 515
1032 10163
1033 516
1034 10164
1035 517
1036 10165
1037 518
1038 10166
1039 519
1040 10167
1041 520
1042 10168
1043 521
1044 10169
1045 522
1046 10170
1047 523
1048 10171
1049 524
1050 10172
1051 525
1052 10173
1053 526
1054 10174
1055 527
1056 10175
1057 528
1058 10176
1059 529
1060 10177
1061 530
1062 10178
1063 531
1064 10179
1065 532
1066 10180
1067 533
1068 10181
1069 534
1070 10182
1071 535
1072 10183
1073 536
1074 10184
1075 537
1076 10185
1077 538
1078 10186
1079 539
1080 10187
1081 540
1082 10188
1083 541
1084 10189
1085 542
1086 10190
1087 543
1088 10191
1089 544
1090 10192
1091 545
1092 10193
1093 546
1094 10194
1095 547
1096 10195
1097 548
1098 10196
1099 549
1100 10197
1101 550
1102 10198
1103 551
1104 10199
1105 552
1106 10200
1107 553
1108 10201
1109 554
1110 10202
1111 555
1112 10203
1113 556
1114 10204
1115 557
1116 10205
1117 558
1118 10206
1119 559
1120 10207
1121 560
1122 10208
1123 561
1124 10209
1125 562
1126 10210
1127 563
1128 10211
1129 564
1130 10212
1131 565
1132 10213
1133 566
1134 10214
1135 567
1136 10215
1137 568
1138 10216
1139 569
1140 10217
1141 570
1142 10218
1143 571
1144 10219
1145 572
1146 10220
1147 573
1148 10221
1149 574
1150 10222
1151 575
1152 10223
1153 576
1154 10224
1155 577
1156 10225
1157 578
1158 10226
1159 579
1160 10227
1161 580
1162 10228
1163 581
1164 10229
1165 582
1166 10230
1167 583
1168 10231
1169 584
1170 10232
1171 585
1172 10233
1173 586
1174 10234
1175 587
1176 10235
1177 588
1178 10236
1179 589
1180 10237
1181 590
1182 10238
1183 591
1184 10239
1185 592
1186 10240
1187 593
1188 10241
1189 594
1190 10242
1191 595
1192 10243
1193 596
1194 10244
1195 597
1196 10245
1197 598
1198 10246
1199 599
1200 10247
1201 600
1202 10248
1203 601
1204 10249
1205 602
1206 10250
1207 603
1208 10251
1209 604
1210 10252
1211 605
1212 10253
1213 606
1214 10254
1215 607
1216 10255
1217 608
1218 10256
1219 609
1220 10257
1221 610
1222 10258
1223 611
1224 10259
1225 612
1226 10260
1227 613
1228 10261
1229 614
1230 10262
1231 615
1232 10263
1233 616
1234 10264
1235 617
1236 10265
1237 618
1238 10266
1239 619
1240 10267
1241 620
1242 10268
1243 621
1244 10269
1245 622
1246 10270
1247 623
1248 10271
1249 624
1250 10272
1251 625
1252 10273
1253 626
1254 10274
1255 627
1256 10275
1257 628
1258 10276
1259 629
1260 10277
1261 630
1262 10278
1263 631
1264 10279
1265 632
1266 10280
1267 633
1268 10281
1269 634
1270 10282
1271 635
1272 10283
1273 636
1274 10284
1275 637
1276 10285
1277 638
1278 10286
1279 639
1280 10287
1281 640
1282 10288
1283 641
1284 10289
1285 642
1286 10290
1287 643
1288 10291
1289 644
1290 10292
1291 645
1292 10293
1293 646
1294 10294
1295 647
1296 10295
1297 648
1298 10296
1299 649
1300 10297
1301 650
1302 10298
1303 651
1304 10299
1305 652
1306 10300
1307 653
1308 10301
1309 654
1310 10302
1311 655
1312 10303
1313 656
1314 10304
1315 657
1316 10305
1317 658
1318 10306
1319 659
1320 10307
1321 660
1322 10308
1323 661
1324 10309
1325 662
1326 10310
1327 663
1328 10311
1329 664
1330 10312
1331 665
1332 10313
1333 666
1334 10314
1335 667
1336 10315
1337 668
1338 10316
1339 669
1340 10317
1341 670
1342 10318
1343 671
1344 10319
1345 672
1346 10320
1347 673
1348 10321
1349 674
1350 10322
1351 675
1352 10323
1353 676
1354 10324
1355 677
1356 10325
1357 678
1358 10326
1359 679
1360 10327
1361 680
1362 10328
1363 681
1364 10329
1365 682
1366 10330
1367 683
1368 10331
1369 684
1370 10332
1371 685
1372 10333
1373 686
1374 10334
1375 687
1376 10335
1377 688
1378 10336
1379 689
1380 10337
1381 690
1382 10338
1383 691
1384 10339
1385 692
1386 10340
1387 693
1388 10341
1389 694
1390 10342
1391 695
1392 10343
1393 696
1394 10344
1395 697
1396 10345
1397 698
1398 10346
1399 699
1400 10347
1401 700
1402 10348
1403 701
1404 10349
1405 702
1406 10350
1407 703
1408 10351
1409 704
1410 10352
1411 705
1412 10353
1413 706
1414 10354
1415 707
1416 10355
1417 708
1418 10356
1419 709
1420 10357
1421 710
1422 10358
1423 711
1424 10359
1425 712
1426 10360
1427 713
1428 10361
1429 714
1430 10362
1431 715
1432 10363
1433 716
1434 10364
1435 717
1436 10365
1437 718
1438 10366
1439 719
1440 10367
1441 720
1442 10368
1443 721
1444 10369
1445 722
1446 10370
1447 723
1448 10371
1449 724
1450 10372
1451 725
1452 10373
1453 726
1454 10374
1455 727
1456 10375
1457 728
1458 10376
1459 729
1460 10377
1461 730
1462 10378
1463 731
1464 10379
1465 732
1466 10380
1467 733
1468 10381
1469 734
1470 10382
1471 735
1472 10383
1473 736
1474 10384
1475 737
1476 10385
1477 738
1478 10386
1479 739
1480 10387
1481 740
1482 10388
1483 741
1484 10389
1485 742
1486 10390
1487 743
1488 10391
1489 744
1490 10392
1491 745
1492 10393
1493 746
1494 10394
1495 747
1496 10395
1497 748
1498 10396
1499 749
1500 10397
1501 750
1502 10398
1503 751
1504 10399
1505 752
1506 10400
1507 753
1508 10401
1509 754
1510 10402
1511 755
1512 10403
1513 756
1514 10404
1515 757
1516 10405
1517 758
1518 10406
1519 759
1520 10407
1521 760
1522 10408
1523 761
1524 10409
1525 762
1526 10410
1527 763
1528 10411
1529 764
1530 10412
1531 765
1532 10413
1533 766
1534 10414
1535 767
1536 10415
1537 768
1538 10416
1539 769
1540 10417
1541 770
1542 10418
1543 771
1544 10419
1545 772
1546 10420
1547 773
1548 10421
1549 774
1550 10422
1551 775
1552 10423
1553 776
1554 10424
1555 777
1556 10425
1557 778
1558 10426
1559 779
1560 10427
1561 780
1562 10428
1563 781
1564 10429
1565 782
1566 10430
1567 783
1568 10431
1569 784
1570 10432
1571 785
1572 10433
1573 786
1574 10434
1575 787
1576 10435
1577 788
1578 10436
1579 789
1580 10437
1581 790
1582 10438
1583 791
1584 10439
1585 792
1586 10440
1587 793
1588 10441
1589 794
1590 10442
1591 795
1592 10443
1593 796
1594 10444
1595 797
1596 10445
1597 798
1598 10446
1599 799
1600 10447
1601 800
1602 10448
1603 801
1604 10449
1605 802
1606 10450
1607 803
1608 10451
1609 804
1610 10452
1611 805
1612 10453
1613 806
1614 10454
1615 807
1616 10455
1617 808
1618 10456
1619 809
1620 10457
1621 810
1622 10458
1623 811
1624 10459
1625 812
1626 10460
1627 813
1628 10461
1629 814
1630 10462
1631 815
1632 10463
1633 816
1634 10464
1635 817
1636 10465
1637 818
1638 10466
1639 819
1640 10467
1641 820
1642 10468
1643 821
1644 10469
1645 822
1646 10470
1647 823
1648 10471
1649 824
1650 10472
1651 825
1652 10473
1653 826
1654 10474
1655 827
1656 10475
1657 828
1658 10476
1659 829
1660 10477
1661 830
1662 10478
1663 831
1664 10479
1665 832
1666 10480
1667 833
1668 10481
1669 834
1670 10482
1671 835
1672 10483
1673 836
1674 10484
1675 837
1676 10485
1677 838
1678 10486
1679 839
1680 10487
1681 840
1682 10488
1683 841
1684 10489
1685 842
1686 10490
1687 843
1688 10491
1689 844
1690 10492
1691 845
1692 10493
1693 846
1694 10494
1695 847
1696 10495
1697 848
1698 10496
1699 849
1700 10497
1701 850
1702 10498
1703 851
1704 10499
1705 852
1706 10500
1707 853
1708 10501
1709 854
1710 10502
1711 855
1712 10503
1713 856
1714 10504
1715 857
1716 10505
1717 858
1718 10506
1719 859
1720 10507
1721 860
1722 10508
1723 861
1724 10509
1725 862
1726 10510
1727 863
1728 10511
1729 864
1730 10512
1731 865
1732 10513
1733 866
1734 10514
1735 867
1736 10515
1737 868
1738 10516
1739 869
1740 10517
1741 870
1742 10518
1743 871
1744 10519
1745 872
1746 10520
1747 873
1748 10521
1749 874
1750 10522
1751 875
1752 10523
1753 876
1754 10524
1755 877
1756 10525
1757 878
1758 10526
1759 879
1760 10527
1761 880
1762 10528
1763 881
1764 10529
1765 882
1766 10530
1767 883
1768 10531
1769 884
1770 10532
1771 885
1772 10533
1773 886
1774 10534
1775 887
1776 10535
1777 888
1778 10536
1779 889
1780 10537
1781 890
1782 10538
1783 891
1784 10539
1785 892
1786 10540
1787 893
1788 10541
1789 894
1790 10542
1791 895
1792 10543
1793 896
1794 10544
1795 897
1796 10545
1797 898
1798 10546
1799 899
1800 10547
1801 900
1802 10548
1803 901
1804 10549
1805 902
1806 10550
1807 903
1808 10551
1809 904
1810 10552
1811 905
1812 10553
1813 906
1814 10554
1815 907
1816 10555
1817 908
1818 10556
1819 909
1820 10557
1821 910
1822 10558
1823 911
1824 10559
1825 912
1826 10560
1827 913
1828 10561
1829 914
1830 10562
1831 915
1832 10563
1833 916
1834 10564
1835 917
1836 10565
1837 918
1838 10566
1839 919
1840 10567
1841 920
1842 10568
1843 921
1844 10569
1845 922
1846 10570
1847 923
1848 10571
1849 924
1850 10572
1851 925
1852 10573
1853 926
1854 10574
1855 927
1856 10575
1857 928
1858 10576
1859 929
1860 10577
1861 930
1862 10578
1863 931
1864 10579
1865 932
1866 10580
1867 933
1868 10581
1869 934
1870 10582
1871 935
1872 10583
1873 936
1874 10584
1875 937
1876 10585
1877 938
1878 10586
1879 939
1880 10587
1881 940
1882 10588
1883 941
1884 10589
1885 942
1886 10590
1887 943
1888 10591
1889 944
1890 10592
1891 945
1892 10593
1893 946
1894 10594
1895 947
1896 10595
1897 948
1898 10596
1899 949
1900 10597
1901 950
1902 10598
1903 951
1904 10599
1905 952
1906 10600
1907 953
1908 10601
1909 954
1910 10602
1911 955
1912 10603
1913 956
1914 10604
1915 957
1916 10605
1917 958
1918 10606
1919 959
1920 10607
1921 960
1922 10608
1923 961
1924 10609
1925 962
1926 10610
1927 963
1928 10611
1929 964
1930 10612
1931 965
1932 10613
1933 966
1934 10614
1935 967
1936 10615
1937 968
1938 10616
1939 969
1940 10617
1941 970
1942 10618
1943 971
1944 10619
1945 972
1946 10620
1947 973
1948 10621
1949 974
1950 10622
1951 975
1952 10623
1953 976
1954 10624
1955 977
1956 10625
1957 978
1958 10626
1959 979
1960 10627
