Nodes FluidNodes
1 0 -3.33067e-17 -0
2 -0.00263158 0.000375259 -0
3 -0.00263158 0.000375259 -0.01
4 0 -3.33067e-17 -0.01
5 -0.00526316 0.000749304 -0
6 -0.00526316 0.000749304 -0.01
7 -0.00789474 0.00112214 -0
8 -0.00789474 0.00112214 -0.01
9 -0.0105263 0.00149378 -0
10 -0.0105263 0.00149378 -0.01
11 -0.0131579 0.00186422 -0
12 -0.0131579 0.00186422 -0.01
13 -0.0157895 0.00223347 -0
14 -0.0157895 0.00223347 -0.01
15 -0.0184211 0.00260155 -0
16 -0.0184211 0.00260155 -0.01
17 -0.0210526 0.00296844 -0
18 -0.0210526 0.00296844 -0.01
19 -0.0236842 0.00333417 -0
20 -0.0236842 0.00333417 -0.01
21 -0.0263158 0.00369874 -0
22 -0.0263158 0.00369874 -0.01
23 -0.0289474 0.00406214 -0
24 -0.0289474 0.00406214 -0.01
25 -0.0315789 0.0044244 -0
26 -0.0315789 0.0044244 -0.01
27 -0.0342105 0.00478551 -0
28 -0.0342105 0.00478551 -0.01
29 -0.0368421 0.00514548 -0
30 -0.0368421 0.00514548 -0.01
31 -0.0394737 0.00550432 -0
32 -0.0394737 0.00550432 -0.01
33 -0.0421053 0.00586203 -0
34 -0.0421053 0.00586203 -0.01
35 -0.0447368 0.00621861 -0
36 -0.0447368 0.00621861 -0.01
37 -0.0473684 0.00657408 -0
38 -0.0473684 0.00657408 -0.01
39 -0.05 0.00692844 -0
40 -0.05 0.00692844 -0.01
41 -0.0526316 0.00728169 -0
42 -0.0526316 0.00728169 -0.01
43 -0.0552632 0.00763384 -0
44 -0.0552632 0.00763384 -0.01
45 -0.0578947 0.0079849 -0
46 -0.0578947 0.0079849 -0.01
47 -0.0605263 0.00833486 -0
48 -0.0605263 0.00833486 -0.01
49 -0.0631579 0.00868374 -0
50 -0.0631579 0.00868374 -0.01
51 -0.0657895 0.00903153 -0
52 -0.0657895 0.00903153 -0.01
53 -0.0684211 0.00937825 -0
54 -0.0684211 0.00937825 -0.01
55 -0.0710526 0.0097239 -0
56 -0.0710526 0.0097239 -0.01
57 -0.0736842 0.0100685 -0
58 -0.0736842 0.0100685 -0.01
59 -0.0763158 0.010412 -0
60 -0.0763158 0.010412 -0.01
61 -0.0789474 0.0107545 -0
62 -0.0789474 0.0107545 -0.01
63 -0.0815789 0.0110959 -0
64 -0.0815789 0.0110959 -0.01
65 -0.0842105 0.0114362 -0
66 -0.0842105 0.0114362 -0.01
67 -0.0868421 0.0117755 -0
68 -0.0868421 0.0117755 -0.01
69 -0.0894737 0.0121138 -0
70 -0.0894737 0.0121138 -0.01
71 -0.0921053 0.012451 -0
72 -0.0921053 0.012451 -0.01
73 -0.0947368 0.0127872 -0
74 -0.0947368 0.0127872 -0.01
75 -0.0973684 0.0131224 -0
76 -0.0973684 0.0131224 -0.01
77 -0.1 0.0134566 -0
78 -0.1 0.0134566 -0.01
79 -0.102632 0.0137897 -0
80 -0.102632 0.0137897 -0.01
81 -0.105263 0.0141218 -0
82 -0.105263 0.0141218 -0.01
83 -0.107895 0.0144529 -0
84 -0.107895 0.0144529 -0.01
85 -0.110526 0.014783 -0
86 -0.110526 0.014783 -0.01
87 -0.113158 0.0151121 -0
88 -0.113158 0.0151121 -0.01
89 -0.115789 0.0154402 -0
90 -0.115789 0.0154402 -0.01
91 -0.118421 0.0157672 -0
92 -0.118421 0.0157672 -0.01
93 -0.121053 0.0160933 -0
94 -0.121053 0.0160933 -0.01
95 -0.123684 0.0164184 -0
96 -0.123684 0.0164184 -0.01
97 -0.126316 0.0167425 -0
98 -0.126316 0.0167425 -0.01
99 -0.128947 0.0170656 -0
100 -0.128947 0.0170656 -0.01
101 -0.131579 0.0173877 -0
102 -0.131579 0.0173877 -0.01
103 -0.134211 0.0177089 -0
104 -0.134211 0.0177089 -0.01
105 -0.136842 0.0180291 -0
106 -0.136842 0.0180291 -0.01
107 -0.139474 0.0183482 -0
108 -0.139474 0.0183482 -0.01
109 -0.142105 0.0186665 -0
110 -0.142105 0.0186665 -0.01
111 -0.144737 0.0189837 -0
112 -0.144737 0.0189837 -0.01
113 -0.147368 0.0193 -0
114 -0.147368 0.0193 -0.01
115 -0.15 0.0196153 -0
116 -0.15 0.0196153 -0.01
117 -0.152632 0.0199296 -0
118 -0.152632 0.0199296 -0.01
119 -0.155263 0.020243 -0
120 -0.155263 0.020243 -0.01
121 -0.157895 0.0205554 -0
122 -0.157895 0.0205554 -0.01
123 -0.160526 0.0208669 -0
124 -0.160526 0.0208669 -0.01
125 -0.163158 0.0211774 -0
126 -0.163158 0.0211774 -0.01
127 -0.165789 0.0214869 -0
128 -0.165789 0.0214869 -0.01
129 -0.168421 0.0217955 -0
130 -0.168421 0.0217955 -0.01
131 -0.171053 0.0221032 -0
132 -0.171053 0.0221032 -0.01
133 -0.173684 0.0224098 -0
134 -0.173684 0.0224098 -0.01
135 -0.176316 0.0227156 -0
136 -0.176316 0.0227156 -0.01
137 -0.178947 0.0230204 -0
138 -0.178947 0.0230204 -0.01
139 -0.181579 0.0233242 -0
140 -0.181579 0.0233242 -0.01
141 -0.184211 0.0236271 -0
142 -0.184211 0.0236271 -0.01
143 -0.186842 0.0239291 -0
144 -0.186842 0.0239291 -0.01
145 -0.189474 0.0242301 -0
146 -0.189474 0.0242301 -0.01
147 -0.192105 0.0245302 -0
148 -0.192105 0.0245302 -0.01
149 -0.194737 0.0248293 -0
150 -0.194737 0.0248293 -0.01
151 -0.197368 0.0251275 -0
152 -0.197368 0.0251275 -0.01
153 -0.2 0.0254248 -0
154 -0.2 0.0254248 -0.01
155 -0.202632 0.0257211 -0
156 -0.202632 0.0257211 -0.01
157 -0.205263 0.0260165 -0
158 -0.205263 0.0260165 -0.01
159 -0.207895 0.0263109 -0
160 -0.207895 0.0263109 -0.01
161 -0.210526 0.0266044 -0
162 -0.210526 0.0266044 -0.01
163 -0.213158 0.026897 -0
164 -0.213158 0.026897 -0.01
165 -0.215789 0.0271886 -0
166 -0.215789 0.0271886 -0.01
167 -0.218421 0.0274793 -0
168 -0.218421 0.0274793 -0.01
169 -0.221053 0.027769 -0
170 -0.221053 0.027769 -0.01
171 -0.223684 0.0280579 -0
172 -0.223684 0.0280579 -0.01
173 -0.226316 0.0283457 -0
174 -0.226316 0.0283457 -0.01
175 -0.228947 0.0286327 -0
176 -0.228947 0.0286327 -0.01
177 -0.231579 0.0289187 -0
178 -0.231579 0.0289187 -0.01
179 -0.234211 0.0292037 -0
180 -0.234211 0.0292037 -0.01
181 -0.236842 0.0294878 -0
182 -0.236842 0.0294878 -0.01
183 -0.239474 0.029771 -0
184 -0.239474 0.029771 -0.01
185 -0.242105 0.0300533 -0
186 -0.242105 0.0300533 -0.01
187 -0.244737 0.0303346 -0
188 -0.244737 0.0303346 -0.01
189 -0.247368 0.0306149 -0
190 -0.247368 0.0306149 -0.01
191 -0.25 0.0308943 -0
192 -0.25 0.0308943 -0.01
193 -0.252632 0.0311728 -0
194 -0.252632 0.0311728 -0.01
195 -0.255263 0.0314503 -0
196 -0.255263 0.0314503 -0.01
197 -0.257895 0.0317269 -0
198 -0.257895 0.0317269 -0.01
199 -0.260526 0.0320025 -0
200 -0.260526 0.0320025 -0.01
201 -0.263158 0.0322772 -0
202 -0.263158 0.0322772 -0.01
203 -0.265789 0.0325509 -0
204 -0.265789 0.0325509 -0.01
205 -0.268421 0.0328236 -0
206 -0.268421 0.0328236 -0.01
207 -0.271053 0.0330954 -0
208 -0.271053 0.0330954 -0.01
209 -0.273684 0.0333663 -0
210 -0.273684 0.0333663 -0.01
211 -0.276316 0.0336362 -0
212 -0.276316 0.0336362 -0.01
213 -0.278947 0.0339051 -0
214 -0.278947 0.0339051 -0.01
215 -0.281579 0.0341731 -0
216 -0.281579 0.0341731 -0.01
217 -0.284211 0.0344401 -0
218 -0.284211 0.0344401 -0.01
219 -0.286842 0.0347061 -0
220 -0.286842 0.0347061 -0.01
221 -0.289474 0.0349712 -0
222 -0.289474 0.0349712 -0.01
223 -0.292105 0.0352353 -0
224 -0.292105 0.0352353 -0.01
225 -0.294737 0.0354984 -0
226 -0.294737 0.0354984 -0.01
227 -0.297368 0.0357605 -0
228 -0.297368 0.0357605 -0.01
229 -0.3 0.0360217 -0
230 -0.3 0.0360217 -0.01
231 -0.302632 0.0362818 -0
232 -0.302632 0.0362818 -0.01
233 -0.305263 0.036541 -0
234 -0.305263 0.036541 -0.01
235 -0.307895 0.0367992 -0
236 -0.307895 0.0367992 -0.01
237 -0.310526 0.0370564 -0
238 -0.310526 0.0370564 -0.01
239 -0.313158 0.0373126 -0
240 -0.313158 0.0373126 -0.01
241 -0.315789 0.0375678 -0
242 -0.315789 0.0375678 -0.01
243 -0.318421 0.037822 -0
244 -0.318421 0.037822 -0.01
245 -0.321053 0.0380752 -0
246 -0.321053 0.0380752 -0.01
247 -0.323684 0.0383274 -0
248 -0.323684 0.0383274 -0.01
249 -0.326316 0.0385785 -0
250 -0.326316 0.0385785 -0.01
251 -0.328947 0.0388287 -0
252 -0.328947 0.0388287 -0.01
253 -0.331579 0.0390778 -0
254 -0.331579 0.0390778 -0.01
255 -0.334211 0.0393259 -0
256 -0.334211 0.0393259 -0.01
257 -0.336842 0.0395729 -0
258 -0.336842 0.0395729 -0.01
259 -0.339474 0.039819 -0
260 -0.339474 0.039819 -0.01
261 -0.342105 0.0400639 -0
262 -0.342105 0.0400639 -0.01
263 -0.344737 0.0403079 -0
264 -0.344737 0.0403079 -0.01
265 -0.347368 0.0405508 -0
266 -0.347368 0.0405508 -0.01
267 -0.35 0.0407926 -0
268 -0.35 0.0407926 -0.01
269 -0.352632 0.0410334 -0
270 -0.352632 0.0410334 -0.01
271 -0.355263 0.0412731 -0
272 -0.355263 0.0412731 -0.01
273 -0.357895 0.0415117 -0
274 -0.357895 0.0415117 -0.01
275 -0.360526 0.0417493 -0
276 -0.360526 0.0417493 -0.01
277 -0.363158 0.0419858 -0
278 -0.363158 0.0419858 -0.01
279 -0.365789 0.0422212 -0
280 -0.365789 0.0422212 -0.01
281 -0.368421 0.0424555 -0
282 -0.368421 0.0424555 -0.01
283 -0.371053 0.0426887 -0
284 -0.371053 0.0426887 -0.01
285 -0.373684 0.0429209 -0
286 -0.373684 0.0429209 -0.01
287 -0.376316 0.0431519 -0
288 -0.376316 0.0431519 -0.01
289 -0.378947 0.0433818 -0
290 -0.378947 0.0433818 -0.01
291 -0.381579 0.0436105 -0
292 -0.381579 0.0436105 -0.01
293 -0.384211 0.0438382 -0
294 -0.384211 0.0438382 -0.01
295 -0.386842 0.0440647 -0
296 -0.386842 0.0440647 -0.01
297 -0.389474 0.0442901 -0
298 -0.389474 0.0442901 -0.01
299 -0.392105 0.0445143 -0
300 -0.392105 0.0445143 -0.01
301 -0.394737 0.0447374 -0
302 -0.394737 0.0447374 -0.01
303 -0.397368 0.0449593 -0
304 -0.397368 0.0449593 -0.01
305 -0.4 0.0451801 -0
306 -0.4 0.0451801 -0.01
307 -0.402632 0.0453997 -0
308 -0.402632 0.0453997 -0.01
309 -0.405263 0.0456181 -0
310 -0.405263 0.0456181 -0.01
311 -0.407895 0.0458353 -0
312 -0.407895 0.0458353 -0.01
313 -0.410526 0.0460513 -0
314 -0.410526 0.0460513 -0.01
315 -0.413158 0.0462662 -0
316 -0.413158 0.0462662 -0.01
317 -0.415789 0.0464798 -0
318 -0.415789 0.0464798 -0.01
319 -0.418421 0.0466922 -0
320 -0.418421 0.0466922 -0.01
321 -0.421053 0.0469034 -0
322 -0.421053 0.0469034 -0.01
323 -0.423684 0.0471133 -0
324 -0.423684 0.0471133 -0.01
325 -0.426316 0.047322 -0
326 -0.426316 0.047322 -0.01
327 -0.428947 0.0475295 -0
328 -0.428947 0.0475295 -0.01
329 -0.431579 0.0477357 -0
330 -0.431579 0.0477357 -0.01
331 -0.434211 0.0479406 -0
332 -0.434211 0.0479406 -0.01
333 -0.436842 0.0481442 -0
334 -0.436842 0.0481442 -0.01
335 -0.439474 0.0483466 -0
336 -0.439474 0.0483466 -0.01
337 -0.442105 0.0485477 -0
338 -0.442105 0.0485477 -0.01
339 -0.444737 0.0487475 -0
340 -0.444737 0.0487475 -0.01
341 -0.447368 0.048946 -0
342 -0.447368 0.048946 -0.01
343 -0.45 0.0491431 -0
344 -0.45 0.0491431 -0.01
345 -0.452632 0.049339 -0
346 -0.452632 0.049339 -0.01
347 -0.455263 0.0495334 -0
348 -0.455263 0.0495334 -0.01
349 -0.457895 0.0497266 -0
350 -0.457895 0.0497266 -0.01
351 -0.460526 0.0499184 -0
352 -0.460526 0.0499184 -0.01
353 -0.463158 0.0501088 -0
354 -0.463158 0.0501088 -0.01
355 -0.465789 0.0502978 -0
356 -0.465789 0.0502978 -0.01
357 -0.468421 0.0504855 -0
358 -0.468421 0.0504855 -0.01
359 -0.471053 0.0506718 -0
360 -0.471053 0.0506718 -0.01
361 -0.473684 0.0508566 -0
362 -0.473684 0.0508566 -0.01
363 -0.476316 0.05104 -0
364 -0.476316 0.05104 -0.01
365 -0.478947 0.051222 -0
366 -0.478947 0.051222 -0.01
367 -0.481579 0.0514026 -0
368 -0.481579 0.0514026 -0.01
369 -0.484211 0.0515817 -0
370 -0.484211 0.0515817 -0.01
371 -0.486842 0.0517594 -0
372 -0.486842 0.0517594 -0.01
373 -0.489474 0.0519355 -0
374 -0.489474 0.0519355 -0.01
375 -0.492105 0.0521102 -0
376 -0.492105 0.0521102 -0.01
377 -0.494737 0.0522834 -0
378 -0.494737 0.0522834 -0.01
379 -0.497368 0.0524551 -0
380 -0.497368 0.0524551 -0.01
381 -0.5 0.0526253 -0
382 -0.5 0.0526253 -0.01
383 -0.502618 0.052793 -0
384 -0.502618 0.052793 -0.01
385 -0.505236 0.0529592 -0
386 -0.505236 0.0529592 -0.01
387 -0.507854 0.0531239 -0
388 -0.507854 0.0531239 -0.01
389 -0.510471 0.053287 -0
390 -0.510471 0.053287 -0.01
391 -0.513088 0.0534486 -0
392 -0.513088 0.0534486 -0.01
393 -0.515705 0.0536085 -0
394 -0.515705 0.0536085 -0.01
395 -0.518322 0.0537668 -0
396 -0.518322 0.0537668 -0.01
397 -0.520938 0.0539235 -0
398 -0.520938 0.0539235 -0.01
399 -0.523553 0.0540785 -0
400 -0.523553 0.0540785 -0.01
401 -0.526168 0.0542319 -0
402 -0.526168 0.0542319 -0.01
403 -0.528782 0.0543835 -0
404 -0.528782 0.0543835 -0.01
405 -0.531395 0.0545335 -0
406 -0.531395 0.0545335 -0.01
407 -0.534008 0.0546818 -0
408 -0.534008 0.0546818 -0.01
409 -0.536619 0.0548283 -0
410 -0.536619 0.0548283 -0.01
411 -0.53923 0.0549731 -0
412 -0.53923 0.0549731 -0.01
413 -0.541839 0.0551161 -0
414 -0.541839 0.0551161 -0.01
415 -0.544447 0.0552573 -0
416 -0.544447 0.0552573 -0.01
417 -0.547054 0.0553968 -0
418 -0.547054 0.0553968 -0.01
419 -0.54966 0.0555344 -0
420 -0.54966 0.0555344 -0.01
421 -0.552264 0.0556702 -0
422 -0.552264 0.0556702 -0.01
423 -0.554867 0.0558041 -0
424 -0.554867 0.0558041 -0.01
425 -0.557469 0.0559362 -0
426 -0.557469 0.0559362 -0.01
427 -0.560068 0.0560664 -0
428 -0.560068 0.0560664 -0.01
429 -0.562667 0.0561947 -0
430 -0.562667 0.0561947 -0.01
431 -0.565263 0.0563211 -0
432 -0.565263 0.0563211 -0.01
433 -0.567858 0.0564456 -0
434 -0.567858 0.0564456 -0.01
435 -0.570451 0.0565681 -0
436 -0.570451 0.0565681 -0.01
437 -0.573042 0.0566887 -0
438 -0.573042 0.0566887 -0.01
439 -0.57563 0.0568073 -0
440 -0.57563 0.0568073 -0.01
441 -0.578217 0.056924 -0
442 -0.578217 0.056924 -0.01
443 -0.580802 0.0570386 -0
444 -0.580802 0.0570386 -0.01
445 -0.583384 0.0571512 -0
446 -0.583384 0.0571512 -0.01
447 -0.585965 0.0572617 -0
448 -0.585965 0.0572617 -0.01
449 -0.588542 0.0573702 -0
450 -0.588542 0.0573702 -0.01
451 -0.591118 0.0574767 -0
452 -0.591118 0.0574767 -0.01
453 -0.593691 0.0575811 -0
454 -0.593691 0.0575811 -0.01
455 -0.596261 0.0576833 -0
456 -0.596261 0.0576833 -0.01
457 -0.598829 0.0577835 -0
458 -0.598829 0.0577835 -0.01
459 -0.601394 0.0578815 -0
460 -0.601394 0.0578815 -0.01
461 -0.603956 0.0579774 -0
462 -0.603956 0.0579774 -0.01
463 -0.606515 0.0580712 -0
464 -0.606515 0.0580712 -0.01
465 -0.609072 0.0581627 -0
466 -0.609072 0.0581627 -0.01
467 -0.611625 0.0582521 -0
468 -0.611625 0.0582521 -0.01
469 -0.614175 0.0583393 -0
470 -0.614175 0.0583393 -0.01
471 -0.616723 0.0584243 -0
472 -0.616723 0.0584243 -0.01
473 -0.619267 0.0585071 -0
474 -0.619267 0.0585071 -0.01
475 -0.621808 0.0585876 -0
476 -0.621808 0.0585876 -0.01
477 -0.624345 0.0586658 -0
478 -0.624345 0.0586658 -0.01
479 -0.626879 0.0587418 -0
480 -0.626879 0.0587418 -0.01
481 -0.62941 0.0588156 -0
482 -0.62941 0.0588156 -0.01
483 -0.631937 0.058887 -0
484 -0.631937 0.058887 -0.01
485 -0.63446 0.0589561 -0
486 -0.63446 0.0589561 -0.01
487 -0.63698 0.0590229 -0
488 -0.63698 0.0590229 -0.01
489 -0.639496 0.0590873 -0
490 -0.639496 0.0590873 -0.01
491 -0.642008 0.0591494 -0
492 -0.642008 0.0591494 -0.01
493 -0.644516 0.0592092 -0
494 -0.644516 0.0592092 -0.01
495 -0.64702 0.0592666 -0
496 -0.64702 0.0592666 -0.01
497 -0.64952 0.0593215 -0
498 -0.64952 0.0593215 -0.01
499 -0.652017 0.0593741 -0
500 -0.652017 0.0593741 -0.01
501 -0.654508 0.0594243 -0
502 -0.654508 0.0594243 -0.01
503 -0.656996 0.0594721 -0
504 -0.656996 0.0594721 -0.01
505 -0.65948 0.0595174 -0
506 -0.65948 0.0595174 -0.01
507 -0.661959 0.0595603 -0
508 -0.661959 0.0595603 -0.01
509 -0.664433 0.0596007 -0
510 -0.664433 0.0596007 -0.01
511 -0.666903 0.0596386 -0
512 -0.666903 0.0596386 -0.01
513 -0.669369 0.0596741 -0
514 -0.669369 0.0596741 -0.01
515 -0.67183 0.0597071 -0
516 -0.67183 0.0597071 -0.01
517 -0.674286 0.0597375 -0
518 -0.674286 0.0597375 -0.01
519 -0.676737 0.0597655 -0
520 -0.676737 0.0597655 -0.01
521 -0.679184 0.0597909 -0
522 -0.679184 0.0597909 -0.01
523 -0.681626 0.0598138 -0
524 -0.681626 0.0598138 -0.01
525 -0.684062 0.0598342 -0
526 -0.684062 0.0598342 -0.01
527 -0.686494 0.059852 -0
528 -0.686494 0.059852 -0.01
529 -0.68892 0.0598672 -0
530 -0.68892 0.0598672 -0.01
531 -0.691342 0.0598798 -0
532 -0.691342 0.0598798 -0.01
533 -0.693758 0.0598899 -0
534 -0.693758 0.0598899 -0.01
535 -0.696169 0.0598974 -0
536 -0.696169 0.0598974 -0.01
537 -0.698574 0.0599022 -0
538 -0.698574 0.0599022 -0.01
539 -0.700974 0.0599045 -0
540 -0.700974 0.0599045 -0.01
541 -0.703368 0.0599041 -0
542 -0.703368 0.0599041 -0.01
543 -0.705757 0.0599011 -0
544 -0.705757 0.0599011 -0.01
545 -0.70814 0.0598954 -0
546 -0.70814 0.0598954 -0.01
547 -0.710518 0.0598871 -0
548 -0.710518 0.0598871 -0.01
549 -0.71289 0.0598762 -0
550 -0.71289 0.0598762 -0.01
551 -0.715256 0.0598626 -0
552 -0.715256 0.0598626 -0.01
553 -0.717616 0.0598463 -0
554 -0.717616 0.0598463 -0.01
555 -0.71997 0.0598273 -0
556 -0.71997 0.0598273 -0.01
557 -0.722318 0.0598056 -0
558 -0.722318 0.0598056 -0.01
559 -0.724659 0.0597813 -0
560 -0.724659 0.0597813 -0.01
561 -0.726995 0.0597542 -0
562 -0.726995 0.0597542 -0.01
563 -0.729325 0.0597245 -0
564 -0.729325 0.0597245 -0.01
565 -0.731648 0.059692 -0
566 -0.731648 0.059692 -0.01
567 -0.733965 0.0596568 -0
568 -0.733965 0.0596568 -0.01
569 -0.736275 0.0596188 -0
570 -0.736275 0.0596188 -0.01
571 -0.738579 0.0595782 -0
572 -0.738579 0.0595782 -0.01
573 -0.740877 0.0595348 -0
574 -0.740877 0.0595348 -0.01
575 -0.743168 0.0594886 -0
576 -0.743168 0.0594886 -0.01
577 -0.745452 0.0594397 -0
578 -0.745452 0.0594397 -0.01
579 -0.747729 0.0593881 -0
580 -0.747729 0.0593881 -0.01
581 -0.75 0.0593337 -0
582 -0.75 0.0593337 -0.01
583 -0.752264 0.0592765 -0
584 -0.752264 0.0592765 -0.01
585 -0.754521 0.0592166 -0
586 -0.754521 0.0592166 -0.01
587 -0.756771 0.0591538 -0
588 -0.756771 0.0591538 -0.01
589 -0.759014 0.0590883 -0
590 -0.759014 0.0590883 -0.01
591 -0.761249 0.0590201 -0
592 -0.761249 0.0590201 -0.01
593 -0.763478 0.058949 -0
594 -0.763478 0.058949 -0.01
595 -0.765699 0.0588752 -0
596 -0.765699 0.0588752 -0.01
597 -0.767913 0.0587985 -0
598 -0.767913 0.0587985 -0.01
599 -0.77012 0.0587191 -0
600 -0.77012 0.0587191 -0.01
601 -0.77232 0.0586369 -0
602 -0.77232 0.0586369 -0.01
603 -0.774511 0.0585519 -0
604 -0.774511 0.0585519 -0.01
605 -0.776696 0.0584641 -0
606 -0.776696 0.0584641 -0.01
607 -0.778873 0.0583735 -0
608 -0.778873 0.0583735 -0.01
609 -0.781042 0.05828 -0
610 -0.781042 0.05828 -0.01
611 -0.783203 0.0581838 -0
612 -0.783203 0.0581838 -0.01
613 -0.785357 0.0580848 -0
614 -0.785357 0.0580848 -0.01
615 -0.787503 0.057983 -0
616 -0.787503 0.057983 -0.01
617 -0.789641 0.0578783 -0
618 -0.789641 0.0578783 -0.01
619 -0.791771 0.0577709 -0
620 -0.791771 0.0577709 -0.01
621 -0.793893 0.0576606 -0
622 -0.793893 0.0576606 -0.01
623 -0.796007 0.0575475 -0
624 -0.796007 0.0575475 -0.01
625 -0.798112 0.0574317 -0
626 -0.798112 0.0574317 -0.01
627 -0.80021 0.057313 -0
628 -0.80021 0.057313 -0.01
629 -0.8023 0.0571915 -0
630 -0.8023 0.0571915 -0.01
631 -0.804381 0.0570672 -0
632 -0.804381 0.0570672 -0.01
633 -0.806454 0.0569401 -0
634 -0.806454 0.0569401 -0.01
635 -0.808518 0.0568102 -0
636 -0.808518 0.0568102 -0.01
637 -0.810574 0.0566776 -0
638 -0.810574 0.0566776 -0.01
639 -0.812621 0.0565421 -0
640 -0.812621 0.0565421 -0.01
641 -0.81466 0.0564038 -0
642 -0.81466 0.0564038 -0.01
643 -0.81669 0.0562627 -0
644 -0.81669 0.0562627 -0.01
645 -0.818712 0.0561188 -0
646 -0.818712 0.0561188 -0.01
647 -0.820725 0.0559722 -0
648 -0.820725 0.0559722 -0.01
649 -0.822729 0.0558227 -0
650 -0.822729 0.0558227 -0.01
651 -0.824724 0.0556705 -0
652 -0.824724 0.0556705 -0.01
653 -0.82671 0.0555155 -0
654 -0.82671 0.0555155 -0.01
655 -0.828688 0.0553577 -0
656 -0.828688 0.0553577 -0.01
657 -0.830656 0.0551971 -0
658 -0.830656 0.0551971 -0.01
659 -0.832615 0.0550338 -0
660 -0.832615 0.0550338 -0.01
661 -0.834565 0.0548678 -0
662 -0.834565 0.0548678 -0.01
663 -0.836506 0.0546989 -0
664 -0.836506 0.0546989 -0.01
665 -0.838438 0.0545273 -0
666 -0.838438 0.0545273 -0.01
667 -0.84036 0.054353 -0
668 -0.84036 0.054353 -0.01
669 -0.842274 0.0541759 -0
670 -0.842274 0.0541759 -0.01
671 -0.844177 0.0539961 -0
672 -0.844177 0.0539961 -0.01
673 -0.846072 0.0538136 -0
674 -0.846072 0.0538136 -0.01
675 -0.847956 0.0536283 -0
676 -0.847956 0.0536283 -0.01
677 -0.849832 0.0534403 -0
678 -0.849832 0.0534403 -0.01
679 -0.851697 0.0532496 -0
680 -0.851697 0.0532496 -0.01
681 -0.853553 0.0530562 -0
682 -0.853553 0.0530562 -0.01
683 -0.8554 0.0528601 -0
684 -0.8554 0.0528601 -0.01
685 -0.857236 0.0526613 -0
686 -0.857236 0.0526613 -0.01
687 -0.859063 0.0524598 -0
688 -0.859063 0.0524598 -0.01
689 -0.86088 0.0522557 -0
690 -0.86088 0.0522557 -0.01
691 -0.862687 0.0520489 -0
692 -0.862687 0.0520489 -0.01
693 -0.864484 0.0518394 -0
694 -0.864484 0.0518394 -0.01
695 -0.866271 0.0516273 -0
696 -0.866271 0.0516273 -0.01
697 -0.868049 0.0514125 -0
698 -0.868049 0.0514125 -0.01
699 -0.869816 0.0511951 -0
700 -0.869816 0.0511951 -0.01
701 -0.871572 0.050975 -0
702 -0.871572 0.050975 -0.01
703 -0.873319 0.0507524 -0
704 -0.873319 0.0507524 -0.01
705 -0.875056 0.0505271 -0
706 -0.875056 0.0505271 -0.01
707 -0.876782 0.0502992 -0
708 -0.876782 0.0502992 -0.01
709 -0.878498 0.0500688 -0
710 -0.878498 0.0500688 -0.01
711 -0.880203 0.0498357 -0
712 -0.880203 0.0498357 -0.01
713 -0.881898 0.0496001 -0
714 -0.881898 0.0496001 -0.01
715 -0.883583 0.0493619 -0
716 -0.883583 0.0493619 -0.01
717 -0.885257 0.0491212 -0
718 -0.885257 0.0491212 -0.01
719 -0.88692 0.048878 -0
720 -0.88692 0.048878 -0.01
721 -0.888573 0.0486322 -0
722 -0.888573 0.0486322 -0.01
723 -0.890215 0.0483838 -0
724 -0.890215 0.0483838 -0.01
725 -0.891847 0.048133 -0
726 -0.891847 0.048133 -0.01
727 -0.893468 0.0478797 -0
728 -0.893468 0.0478797 -0.01
729 -0.895078 0.0476239 -0
730 -0.895078 0.0476239 -0.01
731 -0.896677 0.0473656 -0
732 -0.896677 0.0473656 -0.01
733 -0.898265 0.0471049 -0
734 -0.898265 0.0471049 -0.01
735 -0.899842 0.0468416 -0
736 -0.899842 0.0468416 -0.01
737 -0.901409 0.046576 -0
738 -0.901409 0.046576 -0.01
739 -0.902964 0.0463079 -0
740 -0.902964 0.0463079 -0.01
741 -0.904508 0.0460374 -0
742 -0.904508 0.0460374 -0.01
743 -0.906042 0.0457645 -0
744 -0.906042 0.0457645 -0.01
745 -0.907564 0.0454893 -0
746 -0.907564 0.0454893 -0.01
747 -0.909075 0.0452116 -0
748 -0.909075 0.0452116 -0.01
749 -0.910575 0.0449316 -0
750 -0.910575 0.0449316 -0.01
751 -0.912063 0.0446492 -0
752 -0.912063 0.0446492 -0.01
753 -0.91354 0.0443644 -0
754 -0.91354 0.0443644 -0.01
755 -0.915006 0.0440774 -0
756 -0.915006 0.0440774 -0.01
757 -0.916461 0.043788 -0
758 -0.916461 0.043788 -0.01
759 -0.917904 0.0434963 -0
760 -0.917904 0.0434963 -0.01
761 -0.919335 0.0432023 -0
762 -0.919335 0.0432023 -0.01
763 -0.920755 0.0429061 -0
764 -0.920755 0.0429061 -0.01
765 -0.922164 0.0426076 -0
766 -0.922164 0.0426076 -0.01
767 -0.923561 0.0423068 -0
768 -0.923561 0.0423068 -0.01
769 -0.924946 0.0420038 -0
770 -0.924946 0.0420038 -0.01
771 -0.92632 0.0416986 -0
772 -0.92632 0.0416986 -0.01
773 -0.927682 0.0413911 -0
774 -0.927682 0.0413911 -0.01
775 -0.929032 0.0410815 -0
776 -0.929032 0.0410815 -0.01
777 -0.930371 0.0407697 -0
778 -0.930371 0.0407697 -0.01
779 -0.931698 0.0404557 -0
780 -0.931698 0.0404557 -0.01
781 -0.933013 0.0401395 -0
782 -0.933013 0.0401395 -0.01
783 -0.934316 0.0398213 -0
784 -0.934316 0.0398213 -0.01
785 -0.935607 0.0395009 -0
786 -0.935607 0.0395009 -0.01
787 -0.936886 0.0391783 -0
788 -0.936886 0.0391783 -0.01
789 -0.938153 0.0388537 -0
790 -0.938153 0.0388537 -0.01
791 -0.939409 0.038527 -0
792 -0.939409 0.038527 -0.01
793 -0.940652 0.0381983 -0
794 -0.940652 0.0381983 -0.01
795 -0.941883 0.0378674 -0
796 -0.941883 0.0378674 -0.01
797 -0.943102 0.0375346 -0
798 -0.943102 0.0375346 -0.01
799 -0.944309 0.0371997 -0
800 -0.944309 0.0371997 -0.01
801 -0.945503 0.0368628 -0
802 -0.945503 0.0368628 -0.01
803 -0.946686 0.0365239 -0
804 -0.946686 0.0365239 -0.01
805 -0.947856 0.036183 -0
806 -0.947856 0.036183 -0.01
807 -0.949014 0.0358402 -0
808 -0.949014 0.0358402 -0.01
809 -0.950159 0.0354954 -0
810 -0.950159 0.0354954 -0.01
811 -0.951293 0.0351487 -0
812 -0.951293 0.0351487 -0.01
813 -0.952414 0.0348 -0
814 -0.952414 0.0348 -0.01
815 -0.953522 0.0344494 -0
816 -0.953522 0.0344494 -0.01
817 -0.954618 0.034097 -0
818 -0.954618 0.034097 -0.01
819 -0.955702 0.0337426 -0
820 -0.955702 0.0337426 -0.01
821 -0.956773 0.0333864 -0
822 -0.956773 0.0333864 -0.01
823 -0.957831 0.0330284 -0
824 -0.957831 0.0330284 -0.01
825 -0.958877 0.0326685 -0
826 -0.958877 0.0326685 -0.01
827 -0.959911 0.0323067 -0
828 -0.959911 0.0323067 -0.01
829 -0.960932 0.0319432 -0
830 -0.960932 0.0319432 -0.01
831 -0.96194 0.0315779 -0
832 -0.96194 0.0315779 -0.01
833 -0.962935 0.0312108 -0
834 -0.962935 0.0312108 -0.01
835 -0.963918 0.0308419 -0
836 -0.963918 0.0308419 -0.01
837 -0.964888 0.0304713 -0
838 -0.964888 0.0304713 -0.01
839 -0.965846 0.030099 -0
840 -0.965846 0.030099 -0.01
841 -0.96679 0.0297249 -0
842 -0.96679 0.0297249 -0.01
843 -0.967722 0.0293491 -0
844 -0.967722 0.0293491 -0.01
845 -0.968641 0.0289716 -0
846 -0.968641 0.0289716 -0.01
847 -0.969547 0.0285925 -0
848 -0.969547 0.0285925 -0.01
849 -0.97044 0.0282117 -0
850 -0.97044 0.0282117 -0.01
851 -0.971321 0.0278292 -0
852 -0.971321 0.0278292 -0.01
853 -0.972188 0.0274451 -0
854 -0.972188 0.0274451 -0.01
855 -0.973043 0.0270594 -0
856 -0.973043 0.0270594 -0.01
857 -0.973884 0.026672 -0
858 -0.973884 0.026672 -0.01
859 -0.974713 0.0262831 -0
860 -0.974713 0.0262831 -0.01
861 -0.975528 0.0258926 -0
862 -0.975528 0.0258926 -0.01
863 -0.976331 0.0255005 -0
864 -0.976331 0.0255005 -0.01
865 -0.97712 0.0251068 -0
866 -0.97712 0.0251068 -0.01
867 -0.977897 0.0247116 -0
868 -0.977897 0.0247116 -0.01
869 -0.97866 0.0243149 -0
870 -0.97866 0.0243149 -0.01
871 -0.97941 0.0239167 -0
872 -0.97941 0.0239167 -0.01
873 -0.980147 0.0235169 -0
874 -0.980147 0.0235169 -0.01
875 -0.980871 0.0231157 -0
876 -0.980871 0.0231157 -0.01
877 -0.981581 0.022713 -0
878 -0.981581 0.022713 -0.01
879 -0.982279 0.0223088 -0
880 -0.982279 0.0223088 -0.01
881 -0.982963 0.0219032 -0
882 -0.982963 0.0219032 -0.01
883 -0.983634 0.0214961 -0
884 -0.983634 0.0214961 -0.01
885 -0.984292 0.0210876 -0
886 -0.984292 0.0210876 -0.01
887 -0.984936 0.0206777 -0
888 -0.984936 0.0206777 -0.01
889 -0.985567 0.0202664 -0
890 -0.985567 0.0202664 -0.01
891 -0.986185 0.0198536 -0
892 -0.986185 0.0198536 -0.01
893 -0.986789 0.0194395 -0
894 -0.986789 0.0194395 -0.01
895 -0.987381 0.0190241 -0
896 -0.987381 0.0190241 -0.01
897 -0.987958 0.0186072 -0
898 -0.987958 0.0186072 -0.01
899 -0.988523 0.0181891 -0
900 -0.988523 0.0181891 -0.01
901 -0.989074 0.0177696 -0
902 -0.989074 0.0177696 -0.01
903 -0.989611 0.0173487 -0
904 -0.989611 0.0173487 -0.01
905 -0.990136 0.0169266 -0
906 -0.990136 0.0169266 -0.01
907 -0.990646 0.0165031 -0
908 -0.990646 0.0165031 -0.01
909 -0.991144 0.0160784 -0
910 -0.991144 0.0160784 -0.01
911 -0.991627 0.0156524 -0
912 -0.991627 0.0156524 -0.01
913 -0.992098 0.0152251 -0
914 -0.992098 0.0152251 -0.01
915 -0.992555 0.0147965 -0
916 -0.992555 0.0147965 -0.01
917 -0.992998 0.0143667 -0
918 -0.992998 0.0143667 -0.01
919 -0.993428 0.0139356 -0
920 -0.993428 0.0139356 -0.01
921 -0.993844 0.0135033 -0
922 -0.993844 0.0135033 -0.01
923 -0.994247 0.0130698 -0
924 -0.994247 0.0130698 -0.01
925 -0.994636 0.0126351 -0
926 -0.994636 0.0126351 -0.01
927 -0.995012 0.0121991 -0
928 -0.995012 0.0121991 -0.01
929 -0.995374 0.011762 -0
930 -0.995374 0.011762 -0.01
931 -0.995722 0.0113237 -0
932 -0.995722 0.0113237 -0.01
933 -0.996057 0.0108842 -0
934 -0.996057 0.0108842 -0.01
935 -0.996379 0.0104435 -0
936 -0.996379 0.0104435 -0.01
937 -0.996686 0.0100016 -0
938 -0.996686 0.0100016 -0.01
939 -0.99698 0.00955862 -0
940 -0.99698 0.00955862 -0.01
941 -0.997261 0.00911447 -0
942 -0.997261 0.00911447 -0.01
943 -0.997528 0.00866917 -0
944 -0.997528 0.00866917 -0.01
945 -0.997781 0.00822274 -0
946 -0.997781 0.00822274 -0.01
947 -0.998021 0.00777519 -0
948 -0.998021 0.00777519 -0.01
949 -0.998246 0.00732651 -0
950 -0.998246 0.00732651 -0.01
951 -0.998459 0.00687672 -0
952 -0.998459 0.00687672 -0.01
953 -0.998657 0.00642582 -0
954 -0.998657 0.00642582 -0.01
955 -0.998842 0.00597381 -0
956 -0.998842 0.00597381 -0.01
957 -0.999013 0.00552072 -0
958 -0.999013 0.00552072 -0.01
959 -0.999171 0.00506653 -0
960 -0.999171 0.00506653 -0.01
961 -0.999315 0.00461126 -0
962 -0.999315 0.00461126 -0.01
963 -0.999445 0.00415491 -0
964 -0.999445 0.00415491 -0.01
965 -0.999561 0.00369748 -0
966 -0.999561 0.00369748 -0.01
967 -0.999664 0.00323899 -0
968 -0.999664 0.00323899 -0.01
969 -0.999753 0.00277944 -0
970 -0.999753 0.00277944 -0.01
971 -0.999829 0.00231882 -0
972 -0.999829 0.00231882 -0.01
973 -0.99989 0.00185715 -0
974 -0.99989 0.00185715 -0.01
975 -0.999938 0.00139443 -0
976 -0.999938 0.00139443 -0.01
977 -0.999973 0.000930662 -0
978 -0.999973 0.000930662 -0.01
979 -0.999993 0.000465851 -0
980 -0.999993 0.000465851 -0.01
981 -1 0 -0
982 -1 0 -0.01
983 -0.999993 -0.000465851 -0
984 -0.999993 -0.000465851 -0.01
985 -0.999973 -0.000930662 -0
986 -0.999973 -0.000930662 -0.01
987 -0.999938 -0.00139443 -0
988 -0.999938 -0.00139443 -0.01
989 -0.99989 -0.00185715 -0
990 -0.99989 -0.00185715 -0.01
991 -0.999829 -0.00231882 -0
992 -0.999829 -0.00231882 -0.01
993 -0.999753 -0.00277944 -0
994 -0.999753 -0.00277944 -0.01
995 -0.999664 -0.00323899 -0
996 -0.999664 -0.00323899 -0.01
997 -0.999561 -0.00369748 -0
998 -0.999561 -0.00369748 -0.01
999 -0.999445 -0.00415491 -0
1000 -0.999445 -0.00415491 -0.01
1001 -0.999315 -0.00461126 -0
1002 -0.999315 -0.00461126 -0.01
1003 -0.999171 -0.00506653 -0
1004 -0.999171 -0.00506653 -0.01
1005 -0.999013 -0.00552072 -0
1006 -0.999013 -0.00552072 -0.01
1007 -0.998842 -0.00597381 -0
1008 -0.998842 -0.00597381 -0.01
1009 -0.998657 -0.00642582 -0
1010 -0.998657 -0.00642582 -0.01
1011 -0.998459 -0.00687672 -0
1012 -0.998459 -0.00687672 -0.01
1013 -0.998246 -0.00732651 -0
1014 -0.998246 -0.00732651 -0.01
1015 -0.998021 -0.00777519 -0
1016 -0.998021 -0.00777519 -0.01
1017 -0.997781 -0.00822274 -0
1018 -0.997781 -0.00822274 -0.01
1019 -0.997528 -0.00866917 -0
1020 -0.997528 -0.00866917 -0.01
1021 -0.997261 -0.00911447 -0
1022 -0.997261 -0.00911447 -0.01
1023 -0.99698 -0.00955862 -0
1024 -0.99698 -0.00955862 -0.01
1025 -0.996686 -0.0100016 -0
1026 -0.996686 -0.0100016 -0.01
1027 -0.996379 -0.0104435 -0
1028 -0.996379 -0.0104435 -0.01
1029 -0.996057 -0.0108842 -0
1030 -0.996057 -0.0108842 -0.01
1031 -0.995722 -0.0113237 -0
1032 -0.995722 -0.0113237 -0.01
1033 -0.995374 -0.011762 -0
1034 -0.995374 -0.011762 -0.01
1035 -0.995012 -0.0121991 -0
1036 -0.995012 -0.0121991 -0.01
1037 -0.994636 -0.0126351 -0
1038 -0.994636 -0.0126351 -0.01
1039 -0.994247 -0.0130698 -0
1040 -0.994247 -0.0130698 -0.01
1041 -0.993844 -0.0135033 -0
1042 -0.993844 -0.0135033 -0.01
1043 -0.993428 -0.0139356 -0
1044 -0.993428 -0.0139356 -0.01
1045 -0.992998 -0.0143667 -0
1046 -0.992998 -0.0143667 -0.01
1047 -0.992555 -0.0147965 -0
1048 -0.992555 -0.0147965 -0.01
1049 -0.992098 -0.0152251 -0
1050 -0.992098 -0.0152251 -0.01
1051 -0.991627 -0.0156524 -0
1052 -0.991627 -0.0156524 -0.01
1053 -0.991144 -0.0160784 -0
1054 -0.991144 -0.0160784 -0.01
1055 -0.990646 -0.0165031 -0
1056 -0.990646 -0.0165031 -0.01
1057 -0.990136 -0.0169266 -0
1058 -0.990136 -0.0169266 -0.01
1059 -0.989611 -0.0173487 -0
1060 -0.989611 -0.0173487 -0.01
1061 -0.989074 -0.0177696 -0
1062 -0.989074 -0.0177696 -0.01
1063 -0.988523 -0.0181891 -0
1064 -0.988523 -0.0181891 -0.01
1065 -0.987958 -0.0186072 -0
1066 -0.987958 -0.0186072 -0.01
1067 -0.987381 -0.0190241 -0
1068 -0.987381 -0.0190241 -0.01
1069 -0.986789 -0.0194395 -0
1070 -0.986789 -0.0194395 -0.01
1071 -0.986185 -0.0198536 -0
1072 -0.986185 -0.0198536 -0.01
1073 -0.985567 -0.0202664 -0
1074 -0.985567 -0.0202664 -0.01
1075 -0.984936 -0.0206777 -0
1076 -0.984936 -0.0206777 -0.01
1077 -0.984292 -0.0210876 -0
1078 -0.984292 -0.0210876 -0.01
1079 -0.983634 -0.0214961 -0
1080 -0.983634 -0.0214961 -0.01
1081 -0.982963 -0.0219032 -0
1082 -0.982963 -0.0219032 -0.01
1083 -0.982279 -0.0223088 -0
1084 -0.982279 -0.0223088 -0.01
1085 -0.981581 -0.022713 -0
1086 -0.981581 -0.022713 -0.01
1087 -0.980871 -0.0231157 -0
1088 -0.980871 -0.0231157 -0.01
1089 -0.980147 -0.0235169 -0
1090 -0.980147 -0.0235169 -0.01
1091 -0.97941 -0.0239167 -0
1092 -0.97941 -0.0239167 -0.01
1093 -0.97866 -0.0243149 -0
1094 -0.97866 -0.0243149 -0.01
1095 -0.977897 -0.0247116 -0
1096 -0.977897 -0.0247116 -0.01
1097 -0.97712 -0.0251068 -0
1098 -0.97712 -0.0251068 -0.01
1099 -0.976331 -0.0255005 -0
1100 -0.976331 -0.0255005 -0.01
1101 -0.975528 -0.0258926 -0
1102 -0.975528 -0.0258926 -0.01
1103 -0.974713 -0.0262831 -0
1104 -0.974713 -0.0262831 -0.01
1105 -0.973884 -0.026672 -0
1106 -0.973884 -0.026672 -0.01
1107 -0.973043 -0.0270594 -0
1108 -0.973043 -0.0270594 -0.01
1109 -0.972188 -0.0274451 -0
1110 -0.972188 -0.0274451 -0.01
1111 -0.971321 -0.0278292 -0
1112 -0.971321 -0.0278292 -0.01
1113 -0.97044 -0.0282117 -0
1114 -0.97044 -0.0282117 -0.01
1115 -0.969547 -0.0285925 -0
1116 -0.969547 -0.0285925 -0.01
1117 -0.968641 -0.0289716 -0
1118 -0.968641 -0.0289716 -0.01
1119 -0.967722 -0.0293491 -0
1120 -0.967722 -0.0293491 -0.01
1121 -0.96679 -0.0297249 -0
1122 -0.96679 -0.0297249 -0.01
1123 -0.965846 -0.030099 -0
1124 -0.965846 -0.030099 -0.01
1125 -0.964888 -0.0304713 -0
1126 -0.964888 -0.0304713 -0.01
1127 -0.963918 -0.0308419 -0
1128 -0.963918 -0.0308419 -0.01
1129 -0.962935 -0.0312108 -0
1130 -0.962935 -0.0312108 -0.01
1131 -0.96194 -0.0315779 -0
1132 -0.96194 -0.0315779 -0.01
1133 -0.960932 -0.0319432 -0
1134 -0.960932 -0.0319432 -0.01
1135 -0.959911 -0.0323067 -0
1136 -0.959911 -0.0323067 -0.01
1137 -0.958877 -0.0326685 -0
1138 -0.958877 -0.0326685 -0.01
1139 -0.957831 -0.0330284 -0
1140 -0.957831 -0.0330284 -0.01
1141 -0.956773 -0.0333864 -0
1142 -0.956773 -0.0333864 -0.01
1143 -0.955702 -0.0337426 -0
1144 -0.955702 -0.0337426 -0.01
1145 -0.954618 -0.034097 -0
1146 -0.954618 -0.034097 -0.01
1147 -0.953522 -0.0344494 -0
1148 -0.953522 -0.0344494 -0.01
1149 -0.952414 -0.0348 -0
1150 -0.952414 -0.0348 -0.01
1151 -0.951293 -0.0351487 -0
1152 -0.951293 -0.0351487 -0.01
1153 -0.950159 -0.0354954 -0
1154 -0.950159 -0.0354954 -0.01
1155 -0.949014 -0.0358402 -0
1156 -0.949014 -0.0358402 -0.01
1157 -0.947856 -0.036183 -0
1158 -0.947856 -0.036183 -0.01
1159 -0.946686 -0.0365239 -0
1160 -0.946686 -0.0365239 -0.01
1161 -0.945503 -0.0368628 -0
1162 -0.945503 -0.0368628 -0.01
1163 -0.944309 -0.0371997 -0
1164 -0.944309 -0.0371997 -0.01
1165 -0.943102 -0.0375346 -0
1166 -0.943102 -0.0375346 -0.01
1167 -0.941883 -0.0378674 -0
1168 -0.941883 -0.0378674 -0.01
1169 -0.940652 -0.0381983 -0
1170 -0.940652 -0.0381983 -0.01
1171 -0.939409 -0.038527 -0
1172 -0.939409 -0.038527 -0.01
1173 -0.938153 -0.0388537 -0
1174 -0.938153 -0.0388537 -0.01
1175 -0.936886 -0.0391783 -0
1176 -0.936886 -0.0391783 -0.01
1177 -0.935607 -0.0395009 -0
1178 -0.935607 -0.0395009 -0.01
1179 -0.934316 -0.0398213 -0
1180 -0.934316 -0.0398213 -0.01
1181 -0.933013 -0.0401395 -0
1182 -0.933013 -0.0401395 -0.01
1183 -0.931698 -0.0404557 -0
1184 -0.931698 -0.0404557 -0.01
1185 -0.930371 -0.0407697 -0
1186 -0.930371 -0.0407697 -0.01
1187 -0.929032 -0.0410815 -0
1188 -0.929032 -0.0410815 -0.01
1189 -0.927682 -0.0413911 -0
1190 -0.927682 -0.0413911 -0.01
1191 -0.92632 -0.0416986 -0
1192 -0.92632 -0.0416986 -0.01
1193 -0.924946 -0.0420038 -0
1194 -0.924946 -0.0420038 -0.01
1195 -0.923561 -0.0423068 -0
1196 -0.923561 -0.0423068 -0.01
1197 -0.922164 -0.0426076 -0
1198 -0.922164 -0.0426076 -0.01
1199 -0.920755 -0.0429061 -0
1200 -0.920755 -0.0429061 -0.01
1201 -0.919335 -0.0432023 -0
1202 -0.919335 -0.0432023 -0.01
1203 -0.917904 -0.0434963 -0
1204 -0.917904 -0.0434963 -0.01
1205 -0.916461 -0.043788 -0
1206 -0.916461 -0.043788 -0.01
1207 -0.915006 -0.0440774 -0
1208 -0.915006 -0.0440774 -0.01
1209 -0.91354 -0.0443644 -0
1210 -0.91354 -0.0443644 -0.01
1211 -0.912063 -0.0446492 -0
1212 -0.912063 -0.0446492 -0.01
1213 -0.910575 -0.0449316 -0
1214 -0.910575 -0.0449316 -0.01
1215 -0.909075 -0.0452116 -0
1216 -0.909075 -0.0452116 -0.01
1217 -0.907564 -0.0454893 -0
1218 -0.907564 -0.0454893 -0.01
1219 -0.906042 -0.0457645 -0
1220 -0.906042 -0.0457645 -0.01
1221 -0.904508 -0.0460374 -0
1222 -0.904508 -0.0460374 -0.01
1223 -0.902964 -0.0463079 -0
1224 -0.902964 -0.0463079 -0.01
1225 -0.901409 -0.046576 -0
1226 -0.901409 -0.046576 -0.01
1227 -0.899842 -0.0468416 -0
1228 -0.899842 -0.0468416 -0.01
1229 -0.898265 -0.0471049 -0
1230 -0.898265 -0.0471049 -0.01
1231 -0.896677 -0.0473656 -0
1232 -0.896677 -0.0473656 -0.01
1233 -0.895078 -0.0476239 -0
1234 -0.895078 -0.0476239 -0.01
1235 -0.893468 -0.0478797 -0
1236 -0.893468 -0.0478797 -0.01
1237 -0.891847 -0.048133 -0
1238 -0.891847 -0.048133 -0.01
1239 -0.890215 -0.0483838 -0
1240 -0.890215 -0.0483838 -0.01
1241 -0.888573 -0.0486322 -0
1242 -0.888573 -0.0486322 -0.01
1243 -0.88692 -0.048878 -0
1244 -0.88692 -0.048878 -0.01
1245 -0.885257 -0.0491212 -0
1246 -0.885257 -0.0491212 -0.01
1247 -0.883583 -0.0493619 -0
1248 -0.883583 -0.0493619 -0.01
1249 -0.881898 -0.0496001 -0
1250 -0.881898 -0.0496001 -0.01
1251 -0.880203 -0.0498357 -0
1252 -0.880203 -0.0498357 -0.01
1253 -0.878498 -0.0500688 -0
1254 -0.878498 -0.0500688 -0.01
1255 -0.876782 -0.0502992 -0
1256 -0.876782 -0.0502992 -0.01
1257 -0.875056 -0.0505271 -0
1258 -0.875056 -0.0505271 -0.01
1259 -0.873319 -0.0507524 -0
1260 -0.873319 -0.0507524 -0.01
1261 -0.871572 -0.050975 -0
1262 -0.871572 -0.050975 -0.01
1263 -0.869816 -0.0511951 -0
1264 -0.869816 -0.0511951 -0.01
1265 -0.868049 -0.0514125 -0
1266 -0.868049 -0.0514125 -0.01
1267 -0.866271 -0.0516273 -0
1268 -0.866271 -0.0516273 -0.01
1269 -0.864484 -0.0518394 -0
1270 -0.864484 -0.0518394 -0.01
1271 -0.862687 -0.0520489 -0
1272 -0.862687 -0.0520489 -0.01
1273 -0.86088 -0.0522557 -0
1274 -0.86088 -0.0522557 -0.01
1275 -0.859063 -0.0524598 -0
1276 -0.859063 -0.0524598 -0.01
1277 -0.857236 -0.0526613 -0
1278 -0.857236 -0.0526613 -0.01
1279 -0.8554 -0.0528601 -0
1280 -0.8554 -0.0528601 -0.01
1281 -0.853553 -0.0530562 -0
1282 -0.853553 -0.0530562 -0.01
1283 -0.851697 -0.0532496 -0
1284 -0.851697 -0.0532496 -0.01
1285 -0.849832 -0.0534403 -0
1286 -0.849832 -0.0534403 -0.01
1287 -0.847956 -0.0536283 -0
1288 -0.847956 -0.0536283 -0.01
1289 -0.846072 -0.0538136 -0
1290 -0.846072 -0.0538136 -0.01
1291 -0.844177 -0.0539961 -0
1292 -0.844177 -0.0539961 -0.01
1293 -0.842274 -0.0541759 -0
1294 -0.842274 -0.0541759 -0.01
1295 -0.84036 -0.054353 -0
1296 -0.84036 -0.054353 -0.01
1297 -0.838438 -0.0545273 -0
1298 -0.838438 -0.0545273 -0.01
1299 -0.836506 -0.0546989 -0
1300 -0.836506 -0.0546989 -0.01
1301 -0.834565 -0.0548678 -0
1302 -0.834565 -0.0548678 -0.01
1303 -0.832615 -0.0550338 -0
1304 -0.832615 -0.0550338 -0.01
1305 -0.830656 -0.0551971 -0
1306 -0.830656 -0.0551971 -0.01
1307 -0.828688 -0.0553577 -0
1308 -0.828688 -0.0553577 -0.01
1309 -0.82671 -0.0555155 -0
1310 -0.82671 -0.0555155 -0.01
1311 -0.824724 -0.0556705 -0
1312 -0.824724 -0.0556705 -0.01
1313 -0.822729 -0.0558227 -0
1314 -0.822729 -0.0558227 -0.01
1315 -0.820725 -0.0559722 -0
1316 -0.820725 -0.0559722 -0.01
1317 -0.818712 -0.0561188 -0
1318 -0.818712 -0.0561188 -0.01
1319 -0.81669 -0.0562627 -0
1320 -0.81669 -0.0562627 -0.01
1321 -0.81466 -0.0564038 -0
1322 -0.81466 -0.0564038 -0.01
1323 -0.812621 -0.0565421 -0
1324 -0.812621 -0.0565421 -0.01
1325 -0.810574 -0.0566776 -0
1326 -0.810574 -0.0566776 -0.01
1327 -0.808518 -0.0568102 -0
1328 -0.808518 -0.0568102 -0.01
1329 -0.806454 -0.0569401 -0
1330 -0.806454 -0.0569401 -0.01
1331 -0.804381 -0.0570672 -0
1332 -0.804381 -0.0570672 -0.01
1333 -0.8023 -0.0571915 -0
1334 -0.8023 -0.0571915 -0.01
1335 -0.80021 -0.057313 -0
1336 -0.80021 -0.057313 -0.01
1337 -0.798112 -0.0574317 -0
1338 -0.798112 -0.0574317 -0.01
1339 -0.796007 -0.0575475 -0
1340 -0.796007 -0.0575475 -0.01
1341 -0.793893 -0.0576606 -0
1342 -0.793893 -0.0576606 -0.01
1343 -0.791771 -0.0577709 -0
1344 -0.791771 -0.0577709 -0.01
1345 -0.789641 -0.0578783 -0
1346 -0.789641 -0.0578783 -0.01
1347 -0.787503 -0.057983 -0
1348 -0.787503 -0.057983 -0.01
1349 -0.785357 -0.0580848 -0
1350 -0.785357 -0.0580848 -0.01
1351 -0.783203 -0.0581838 -0
1352 -0.783203 -0.0581838 -0.01
1353 -0.781042 -0.05828 -0
1354 -0.781042 -0.05828 -0.01
1355 -0.778873 -0.0583735 -0
1356 -0.778873 -0.0583735 -0.01
1357 -0.776696 -0.0584641 -0
1358 -0.776696 -0.0584641 -0.01
1359 -0.774511 -0.0585519 -0
1360 -0.774511 -0.0585519 -0.01
1361 -0.77232 -0.0586369 -0
1362 -0.77232 -0.0586369 -0.01
1363 -0.77012 -0.0587191 -0
1364 -0.77012 -0.0587191 -0.01
1365 -0.767913 -0.0587985 -0
1366 -0.767913 -0.0587985 -0.01
1367 -0.765699 -0.0588752 -0
1368 -0.765699 -0.0588752 -0.01
1369 -0.763478 -0.058949 -0
1370 -0.763478 -0.058949 -0.01
1371 -0.761249 -0.0590201 -0
1372 -0.761249 -0.0590201 -0.01
1373 -0.759014 -0.0590883 -0
1374 -0.759014 -0.0590883 -0.01
1375 -0.756771 -0.0591538 -0
1376 -0.756771 -0.0591538 -0.01
1377 -0.754521 -0.0592166 -0
1378 -0.754521 -0.0592166 -0.01
1379 -0.752264 -0.0592765 -0
1380 -0.752264 -0.0592765 -0.01
1381 -0.75 -0.0593337 -0
1382 -0.75 -0.0593337 -0.01
1383 -0.747729 -0.0593881 -0
1384 -0.747729 -0.0593881 -0.01
1385 -0.745452 -0.0594397 -0
1386 -0.745452 -0.0594397 -0.01
1387 -0.743168 -0.0594886 -0
1388 -0.743168 -0.0594886 -0.01
1389 -0.740877 -0.0595348 -0
1390 -0.740877 -0.0595348 -0.01
1391 -0.738579 -0.0595782 -0
1392 -0.738579 -0.0595782 -0.01
1393 -0.736275 -0.0596188 -0
1394 -0.736275 -0.0596188 -0.01
1395 -0.733965 -0.0596568 -0
1396 -0.733965 -0.0596568 -0.01
1397 -0.731648 -0.059692 -0
1398 -0.731648 -0.059692 -0.01
1399 -0.729325 -0.0597245 -0
1400 -0.729325 -0.0597245 -0.01
1401 -0.726995 -0.0597542 -0
1402 -0.726995 -0.0597542 -0.01
1403 -0.724659 -0.0597813 -0
1404 -0.724659 -0.0597813 -0.01
1405 -0.722318 -0.0598056 -0
1406 -0.722318 -0.0598056 -0.01
1407 -0.71997 -0.0598273 -0
1408 -0.71997 -0.0598273 -0.01
1409 -0.717616 -0.0598463 -0
1410 -0.717616 -0.0598463 -0.01
1411 -0.715256 -0.0598626 -0
1412 -0.715256 -0.0598626 -0.01
1413 -0.71289 -0.0598762 -0
1414 -0.71289 -0.0598762 -0.01
1415 -0.710518 -0.0598871 -0
1416 -0.710518 -0.0598871 -0.01
1417 -0.70814 -0.0598954 -0
1418 -0.70814 -0.0598954 -0.01
1419 -0.705757 -0.0599011 -0
1420 -0.705757 -0.0599011 -0.01
1421 -0.703368 -0.0599041 -0
1422 -0.703368 -0.0599041 -0.01
1423 -0.700974 -0.0599045 -0
1424 -0.700974 -0.0599045 -0.01
1425 -0.698574 -0.0599022 -0
1426 -0.698574 -0.0599022 -0.01
1427 -0.696169 -0.0598974 -0
1428 -0.696169 -0.0598974 -0.01
1429 -0.693758 -0.0598899 -0
1430 -0.693758 -0.0598899 -0.01
1431 -0.691342 -0.0598798 -0
1432 -0.691342 -0.0598798 -0.01
1433 -0.68892 -0.0598672 -0
1434 -0.68892 -0.0598672 -0.01
1435 -0.686494 -0.059852 -0
1436 -0.686494 -0.059852 -0.01
1437 -0.684062 -0.0598342 -0
1438 -0.684062 -0.0598342 -0.01
1439 -0.681626 -0.0598138 -0
1440 -0.681626 -0.0598138 -0.01
1441 -0.679184 -0.0597909 -0
1442 -0.679184 -0.0597909 -0.01
1443 -0.676737 -0.0597655 -0
1444 -0.676737 -0.0597655 -0.01
1445 -0.674286 -0.0597375 -0
1446 -0.674286 -0.0597375 -0.01
1447 -0.67183 -0.0597071 -0
1448 -0.67183 -0.0597071 -0.01
1449 -0.669369 -0.0596741 -0
1450 -0.669369 -0.0596741 -0.01
1451 -0.666903 -0.0596386 -0
1452 -0.666903 -0.0596386 -0.01
1453 -0.664433 -0.0596007 -0
1454 -0.664433 -0.0596007 -0.01
1455 -0.661959 -0.0595603 -0
1456 -0.661959 -0.0595603 -0.01
1457 -0.65948 -0.0595174 -0
1458 -0.65948 -0.0595174 -0.01
1459 -0.656996 -0.0594721 -0
1460 -0.656996 -0.0594721 -0.01
1461 -0.654508 -0.0594243 -0
1462 -0.654508 -0.0594243 -0.01
1463 -0.652017 -0.0593741 -0
1464 -0.652017 -0.0593741 -0.01
1465 -0.64952 -0.0593215 -0
1466 -0.64952 -0.0593215 -0.01
1467 -0.64702 -0.0592666 -0
1468 -0.64702 -0.0592666 -0.01
1469 -0.644516 -0.0592092 -0
1470 -0.644516 -0.0592092 -0.01
1471 -0.642008 -0.0591494 -0
1472 -0.642008 -0.0591494 -0.01
1473 -0.639496 -0.0590873 -0
1474 -0.639496 -0.0590873 -0.01
1475 -0.63698 -0.0590229 -0
1476 -0.63698 -0.0590229 -0.01
1477 -0.63446 -0.0589561 -0
1478 -0.63446 -0.0589561 -0.01
1479 -0.631937 -0.058887 -0
1480 -0.631937 -0.058887 -0.01
1481 -0.62941 -0.0588156 -0
1482 -0.62941 -0.0588156 -0.01
1483 -0.626879 -0.0587418 -0
1484 -0.626879 -0.0587418 -0.01
1485 -0.624345 -0.0586658 -0
1486 -0.624345 -0.0586658 -0.01
1487 -0.621808 -0.0585876 -0
1488 -0.621808 -0.0585876 -0.01
1489 -0.619267 -0.0585071 -0
1490 -0.619267 -0.0585071 -0.01
1491 -0.616723 -0.0584243 -0
1492 -0.616723 -0.0584243 -0.01
1493 -0.614175 -0.0583393 -0
1494 -0.614175 -0.0583393 -0.01
1495 -0.611625 -0.0582521 -0
1496 -0.611625 -0.0582521 -0.01
1497 -0.609072 -0.0581627 -0
1498 -0.609072 -0.0581627 -0.01
1499 -0.606515 -0.0580712 -0
1500 -0.606515 -0.0580712 -0.01
1501 -0.603956 -0.0579774 -0
1502 -0.603956 -0.0579774 -0.01
1503 -0.601394 -0.0578815 -0
1504 -0.601394 -0.0578815 -0.01
1505 -0.598829 -0.0577835 -0
1506 -0.598829 -0.0577835 -0.01
1507 -0.596261 -0.0576833 -0
1508 -0.596261 -0.0576833 -0.01
1509 -0.593691 -0.0575811 -0
1510 -0.593691 -0.0575811 -0.01
1511 -0.591118 -0.0574767 -0
1512 -0.591118 -0.0574767 -0.01
1513 -0.588542 -0.0573702 -0
1514 -0.588542 -0.0573702 -0.01
1515 -0.585965 -0.0572617 -0
1516 -0.585965 -0.0572617 -0.01
1517 -0.583384 -0.0571512 -0
1518 -0.583384 -0.0571512 -0.01
1519 -0.580802 -0.0570386 -0
1520 -0.580802 -0.0570386 -0.01
1521 -0.578217 -0.056924 -0
1522 -0.578217 -0.056924 -0.01
1523 -0.57563 -0.0568073 -0
1524 -0.57563 -0.0568073 -0.01
1525 -0.573042 -0.0566887 -0
1526 -0.573042 -0.0566887 -0.01
1527 -0.570451 -0.0565681 -0
1528 -0.570451 -0.0565681 -0.01
1529 -0.567858 -0.0564456 -0
1530 -0.567858 -0.0564456 -0.01
1531 -0.565263 -0.0563211 -0
1532 -0.565263 -0.0563211 -0.01
1533 -0.562667 -0.0561947 -0
1534 -0.562667 -0.0561947 -0.01
1535 -0.560068 -0.0560664 -0
1536 -0.560068 -0.0560664 -0.01
1537 -0.557469 -0.0559362 -0
1538 -0.557469 -0.0559362 -0.01
1539 -0.554867 -0.0558041 -0
1540 -0.554867 -0.0558041 -0.01
1541 -0.552264 -0.0556702 -0
1542 -0.552264 -0.0556702 -0.01
1543 -0.54966 -0.0555344 -0
1544 -0.54966 -0.0555344 -0.01
1545 -0.547054 -0.0553968 -0
1546 -0.547054 -0.0553968 -0.01
1547 -0.544447 -0.0552573 -0
1548 -0.544447 -0.0552573 -0.01
1549 -0.541839 -0.0551161 -0
1550 -0.541839 -0.0551161 -0.01
1551 -0.53923 -0.0549731 -0
1552 -0.53923 -0.0549731 -0.01
1553 -0.536619 -0.0548283 -0
1554 -0.536619 -0.0548283 -0.01
1555 -0.534008 -0.0546818 -0
1556 -0.534008 -0.0546818 -0.01
1557 -0.531395 -0.0545335 -0
1558 -0.531395 -0.0545335 -0.01
1559 -0.528782 -0.0543835 -0
1560 -0.528782 -0.0543835 -0.01
1561 -0.526168 -0.0542319 -0
1562 -0.526168 -0.0542319 -0.01
1563 -0.523553 -0.0540785 -0
1564 -0.523553 -0.0540785 -0.01
1565 -0.520938 -0.0539235 -0
1566 -0.520938 -0.0539235 -0.01
1567 -0.518322 -0.0537668 -0
1568 -0.518322 -0.0537668 -0.01
1569 -0.515705 -0.0536085 -0
1570 -0.515705 -0.0536085 -0.01
1571 -0.513088 -0.0534486 -0
1572 -0.513088 -0.0534486 -0.01
1573 -0.510471 -0.053287 -0
1574 -0.510471 -0.053287 -0.01
1575 -0.507854 -0.0531239 -0
1576 -0.507854 -0.0531239 -0.01
1577 -0.505236 -0.0529592 -0
1578 -0.505236 -0.0529592 -0.01
1579 -0.502618 -0.052793 -0
1580 -0.502618 -0.052793 -0.01
1581 -0.5 -0.0526253 -0
1582 -0.5 -0.0526253 -0.01
1583 -0.497368 -0.0524551 -0
1584 -0.497368 -0.0524551 -0.01
1585 -0.494737 -0.0522834 -0
1586 -0.494737 -0.0522834 -0.01
1587 -0.492105 -0.0521102 -0
1588 -0.492105 -0.0521102 -0.01
1589 -0.489474 -0.0519355 -0
1590 -0.489474 -0.0519355 -0.01
1591 -0.486842 -0.0517594 -0
1592 -0.486842 -0.0517594 -0.01
1593 -0.484211 -0.0515817 -0
1594 -0.484211 -0.0515817 -0.01
1595 -0.481579 -0.0514026 -0
1596 -0.481579 -0.0514026 -0.01
1597 -0.478947 -0.051222 -0
1598 -0.478947 -0.051222 -0.01
1599 -0.476316 -0.05104 -0
1600 -0.476316 -0.05104 -0.01
1601 -0.473684 -0.0508566 -0
1602 -0.473684 -0.0508566 -0.01
1603 -0.471053 -0.0506718 -0
1604 -0.471053 -0.0506718 -0.01
1605 -0.468421 -0.0504855 -0
1606 -0.468421 -0.0504855 -0.01
1607 -0.465789 -0.0502978 -0
1608 -0.465789 -0.0502978 -0.01
1609 -0.463158 -0.0501088 -0
1610 -0.463158 -0.0501088 -0.01
1611 -0.460526 -0.0499184 -0
1612 -0.460526 -0.0499184 -0.01
1613 -0.457895 -0.0497266 -0
1614 -0.457895 -0.0497266 -0.01
1615 -0.455263 -0.0495334 -0
1616 -0.455263 -0.0495334 -0.01
1617 -0.452632 -0.049339 -0
1618 -0.452632 -0.049339 -0.01
1619 -0.45 -0.0491431 -0
1620 -0.45 -0.0491431 -0.01
1621 -0.447368 -0.048946 -0
1622 -0.447368 -0.048946 -0.01
1623 -0.444737 -0.0487475 -0
1624 -0.444737 -0.0487475 -0.01
1625 -0.442105 -0.0485477 -0
1626 -0.442105 -0.0485477 -0.01
1627 -0.439474 -0.0483466 -0
1628 -0.439474 -0.0483466 -0.01
1629 -0.436842 -0.0481442 -0
1630 -0.436842 -0.0481442 -0.01
1631 -0.434211 -0.0479406 -0
1632 -0.434211 -0.0479406 -0.01
1633 -0.431579 -0.0477357 -0
1634 -0.431579 -0.0477357 -0.01
1635 -0.428947 -0.0475295 -0
1636 -0.428947 -0.0475295 -0.01
1637 -0.426316 -0.047322 -0
1638 -0.426316 -0.047322 -0.01
1639 -0.423684 -0.0471133 -0
1640 -0.423684 -0.0471133 -0.01
1641 -0.421053 -0.0469034 -0
1642 -0.421053 -0.0469034 -0.01
1643 -0.418421 -0.0466922 -0
1644 -0.418421 -0.0466922 -0.01
1645 -0.415789 -0.0464798 -0
1646 -0.415789 -0.0464798 -0.01
1647 -0.413158 -0.0462662 -0
1648 -0.413158 -0.0462662 -0.01
1649 -0.410526 -0.0460513 -0
1650 -0.410526 -0.0460513 -0.01
1651 -0.407895 -0.0458353 -0
1652 -0.407895 -0.0458353 -0.01
1653 -0.405263 -0.0456181 -0
1654 -0.405263 -0.0456181 -0.01
1655 -0.402632 -0.0453997 -0
1656 -0.402632 -0.0453997 -0.01
1657 -0.4 -0.0451801 -0
1658 -0.4 -0.0451801 -0.01
1659 -0.397368 -0.0449593 -0
1660 -0.397368 -0.0449593 -0.01
1661 -0.394737 -0.0447374 -0
1662 -0.394737 -0.0447374 -0.01
1663 -0.392105 -0.0445143 -0
1664 -0.392105 -0.0445143 -0.01
1665 -0.389474 -0.0442901 -0
1666 -0.389474 -0.0442901 -0.01
1667 -0.386842 -0.0440647 -0
1668 -0.386842 -0.0440647 -0.01
1669 -0.384211 -0.0438382 -0
1670 -0.384211 -0.0438382 -0.01
1671 -0.381579 -0.0436105 -0
1672 -0.381579 -0.0436105 -0.01
1673 -0.378947 -0.0433818 -0
1674 -0.378947 -0.0433818 -0.01
1675 -0.376316 -0.0431519 -0
1676 -0.376316 -0.0431519 -0.01
1677 -0.373684 -0.0429209 -0
1678 -0.373684 -0.0429209 -0.01
1679 -0.371053 -0.0426887 -0
1680 -0.371053 -0.0426887 -0.01
1681 -0.368421 -0.0424555 -0
1682 -0.368421 -0.0424555 -0.01
1683 -0.365789 -0.0422212 -0
1684 -0.365789 -0.0422212 -0.01
1685 -0.363158 -0.0419858 -0
1686 -0.363158 -0.0419858 -0.01
1687 -0.360526 -0.0417493 -0
1688 -0.360526 -0.0417493 -0.01
1689 -0.357895 -0.0415117 -0
1690 -0.357895 -0.0415117 -0.01
1691 -0.355263 -0.0412731 -0
1692 -0.355263 -0.0412731 -0.01
1693 -0.352632 -0.0410334 -0
1694 -0.352632 -0.0410334 -0.01
1695 -0.35 -0.0407926 -0
1696 -0.35 -0.0407926 -0.01
1697 -0.347368 -0.0405508 -0
1698 -0.347368 -0.0405508 -0.01
1699 -0.344737 -0.0403079 -0
1700 -0.344737 -0.0403079 -0.01
1701 -0.342105 -0.0400639 -0
1702 -0.342105 -0.0400639 -0.01
1703 -0.339474 -0.039819 -0
1704 -0.339474 -0.039819 -0.01
1705 -0.336842 -0.0395729 -0
1706 -0.336842 -0.0395729 -0.01
1707 -0.334211 -0.0393259 -0
1708 -0.334211 -0.0393259 -0.01
1709 -0.331579 -0.0390778 -0
1710 -0.331579 -0.0390778 -0.01
1711 -0.328947 -0.0388287 -0
1712 -0.328947 -0.0388287 -0.01
1713 -0.326316 -0.0385785 -0
1714 -0.326316 -0.0385785 -0.01
1715 -0.323684 -0.0383274 -0
1716 -0.323684 -0.0383274 -0.01
1717 -0.321053 -0.0380752 -0
1718 -0.321053 -0.0380752 -0.01
1719 -0.318421 -0.037822 -0
1720 -0.318421 -0.037822 -0.01
1721 -0.315789 -0.0375678 -0
1722 -0.315789 -0.0375678 -0.01
1723 -0.313158 -0.0373126 -0
1724 -0.313158 -0.0373126 -0.01
1725 -0.310526 -0.0370564 -0
1726 -0.310526 -0.0370564 -0.01
1727 -0.307895 -0.0367992 -0
1728 -0.307895 -0.0367992 -0.01
1729 -0.305263 -0.036541 -0
1730 -0.305263 -0.036541 -0.01
1731 -0.302632 -0.0362818 -0
1732 -0.302632 -0.0362818 -0.01
1733 -0.3 -0.0360217 -0
1734 -0.3 -0.0360217 -0.01
1735 -0.297368 -0.0357605 -0
1736 -0.297368 -0.0357605 -0.01
1737 -0.294737 -0.0354984 -0
1738 -0.294737 -0.0354984 -0.01
1739 -0.292105 -0.0352353 -0
1740 -0.292105 -0.0352353 -0.01
1741 -0.289474 -0.0349712 -0
1742 -0.289474 -0.0349712 -0.01
1743 -0.286842 -0.0347061 -0
1744 -0.286842 -0.0347061 -0.01
1745 -0.284211 -0.0344401 -0
1746 -0.284211 -0.0344401 -0.01
1747 -0.281579 -0.0341731 -0
1748 -0.281579 -0.0341731 -0.01
1749 -0.278947 -0.0339051 -0
1750 -0.278947 -0.0339051 -0.01
1751 -0.276316 -0.0336362 -0
1752 -0.276316 -0.0336362 -0.01
1753 -0.273684 -0.0333663 -0
1754 -0.273684 -0.0333663 -0.01
1755 -0.271053 -0.0330954 -0
1756 -0.271053 -0.0330954 -0.01
1757 -0.268421 -0.0328236 -0
1758 -0.268421 -0.0328236 -0.01
1759 -0.265789 -0.0325509 -0
1760 -0.265789 -0.0325509 -0.01
1761 -0.263158 -0.0322772 -0
1762 -0.263158 -0.0322772 -0.01
1763 -0.260526 -0.0320025 -0
1764 -0.260526 -0.0320025 -0.01
1765 -0.257895 -0.0317269 -0
1766 -0.257895 -0.0317269 -0.01
1767 -0.255263 -0.0314503 -0
1768 -0.255263 -0.0314503 -0.01
1769 -0.252632 -0.0311728 -0
1770 -0.252632 -0.0311728 -0.01
1771 -0.25 -0.0308943 -0
1772 -0.25 -0.0308943 -0.01
1773 -0.247368 -0.0306149 -0
1774 -0.247368 -0.0306149 -0.01
1775 -0.244737 -0.0303346 -0
1776 -0.244737 -0.0303346 -0.01
1777 -0.242105 -0.0300533 -0
1778 -0.242105 -0.0300533 -0.01
1779 -0.239474 -0.029771 -0
1780 -0.239474 -0.029771 -0.01
1781 -0.236842 -0.0294878 -0
1782 -0.236842 -0.0294878 -0.01
1783 -0.234211 -0.0292037 -0
1784 -0.234211 -0.0292037 -0.01
1785 -0.231579 -0.0289187 -0
1786 -0.231579 -0.0289187 -0.01
1787 -0.228947 -0.0286327 -0
1788 -0.228947 -0.0286327 -0.01
1789 -0.226316 -0.0283457 -0
1790 -0.226316 -0.0283457 -0.01
1791 -0.223684 -0.0280579 -0
1792 -0.223684 -0.0280579 -0.01
1793 -0.221053 -0.027769 -0
1794 -0.221053 -0.027769 -0.01
1795 -0.218421 -0.0274793 -0
1796 -0.218421 -0.0274793 -0.01
1797 -0.215789 -0.0271886 -0
1798 -0.215789 -0.0271886 -0.01
1799 -0.213158 -0.026897 -0
1800 -0.213158 -0.026897 -0.01
1801 -0.210526 -0.0266044 -0
1802 -0.210526 -0.0266044 -0.01
1803 -0.207895 -0.0263109 -0
1804 -0.207895 -0.0263109 -0.01
1805 -0.205263 -0.0260165 -0
1806 -0.205263 -0.0260165 -0.01
1807 -0.202632 -0.0257211 -0
1808 -0.202632 -0.0257211 -0.01
1809 -0.2 -0.0254248 -0
1810 -0.2 -0.0254248 -0.01
1811 -0.197368 -0.0251275 -0
1812 -0.197368 -0.0251275 -0.01
1813 -0.194737 -0.0248293 -0
1814 -0.194737 -0.0248293 -0.01
1815 -0.192105 -0.0245302 -0
1816 -0.192105 -0.0245302 -0.01
1817 -0.189474 -0.0242301 -0
1818 -0.189474 -0.0242301 -0.01
1819 -0.186842 -0.0239291 -0
1820 -0.186842 -0.0239291 -0.01
1821 -0.184211 -0.0236271 -0
1822 -0.184211 -0.0236271 -0.01
1823 -0.181579 -0.0233242 -0
1824 -0.181579 -0.0233242 -0.01
1825 -0.178947 -0.0230204 -0
1826 -0.178947 -0.0230204 -0.01
1827 -0.176316 -0.0227156 -0
1828 -0.176316 -0.0227156 -0.01
1829 -0.173684 -0.0224098 -0
1830 -0.173684 -0.0224098 -0.01
1831 -0.171053 -0.0221032 -0
1832 -0.171053 -0.0221032 -0.01
1833 -0.168421 -0.0217955 -0
1834 -0.168421 -0.0217955 -0.01
1835 -0.165789 -0.0214869 -0
1836 -0.165789 -0.0214869 -0.01
1837 -0.163158 -0.0211774 -0
1838 -0.163158 -0.0211774 -0.01
1839 -0.160526 -0.0208669 -0
1840 -0.160526 -0.0208669 -0.01
1841 -0.157895 -0.0205554 -0
1842 -0.157895 -0.0205554 -0.01
1843 -0.155263 -0.020243 -0
1844 -0.155263 -0.020243 -0.01
1845 -0.152632 -0.0199296 -0
1846 -0.152632 -0.0199296 -0.01
1847 -0.15 -0.0196153 -0
1848 -0.15 -0.0196153 -0.01
1849 -0.147368 -0.0193 -0
1850 -0.147368 -0.0193 -0.01
1851 -0.144737 -0.0189837 -0
1852 -0.144737 -0.0189837 -0.01
1853 -0.142105 -0.0186665 -0
1854 -0.142105 -0.0186665 -0.01
1855 -0.139474 -0.0183482 -0
1856 -0.139474 -0.0183482 -0.01
1857 -0.136842 -0.0180291 -0
1858 -0.136842 -0.0180291 -0.01
1859 -0.134211 -0.0177089 -0
1860 -0.134211 -0.0177089 -0.01
1861 -0.131579 -0.0173877 -0
1862 -0.131579 -0.0173877 -0.01
1863 -0.128947 -0.0170656 -0
1864 -0.128947 -0.0170656 -0.01
1865 -0.126316 -0.0167425 -0
1866 -0.126316 -0.0167425 -0.01
1867 -0.123684 -0.0164184 -0
1868 -0.123684 -0.0164184 -0.01
1869 -0.121053 -0.0160933 -0
1870 -0.121053 -0.0160933 -0.01
1871 -0.118421 -0.0157672 -0
1872 -0.118421 -0.0157672 -0.01
1873 -0.115789 -0.0154402 -0
1874 -0.115789 -0.0154402 -0.01
1875 -0.113158 -0.0151121 -0
1876 -0.113158 -0.0151121 -0.01
1877 -0.110526 -0.014783 -0
1878 -0.110526 -0.014783 -0.01
1879 -0.107895 -0.0144529 -0
1880 -0.107895 -0.0144529 -0.01
1881 -0.105263 -0.0141218 -0
1882 -0.105263 -0.0141218 -0.01
1883 -0.102632 -0.0137897 -0
1884 -0.102632 -0.0137897 -0.01
1885 -0.1 -0.0134566 -0
1886 -0.1 -0.0134566 -0.01
1887 -0.0973684 -0.0131224 -0
1888 -0.0973684 -0.0131224 -0.01
1889 -0.0947368 -0.0127872 -0
1890 -0.0947368 -0.0127872 -0.01
1891 -0.0921053 -0.012451 -0
1892 -0.0921053 -0.012451 -0.01
1893 -0.0894737 -0.0121138 -0
1894 -0.0894737 -0.0121138 -0.01
1895 -0.0868421 -0.0117755 -0
1896 -0.0868421 -0.0117755 -0.01
1897 -0.0842105 -0.0114362 -0
1898 -0.0842105 -0.0114362 -0.01
1899 -0.0815789 -0.0110959 -0
1900 -0.0815789 -0.0110959 -0.01
1901 -0.0789474 -0.0107545 -0
1902 -0.0789474 -0.0107545 -0.01
1903 -0.0763158 -0.010412 -0
1904 -0.0763158 -0.010412 -0.01
1905 -0.0736842 -0.0100685 -0
1906 -0.0736842 -0.0100685 -0.01
1907 -0.0710526 -0.0097239 -0
1908 -0.0710526 -0.0097239 -0.01
1909 -0.0684211 -0.00937825 -0
1910 -0.0684211 -0.00937825 -0.01
1911 -0.0657895 -0.00903153 -0
1912 -0.0657895 -0.00903153 -0.01
1913 -0.0631579 -0.00868374 -0
1914 -0.0631579 -0.00868374 -0.01
1915 -0.0605263 -0.00833486 -0
1916 -0.0605263 -0.00833486 -0.01
1917 -0.0578947 -0.0079849 -0
1918 -0.0578947 -0.0079849 -0.01
1919 -0.0552632 -0.00763384 -0
1920 -0.0552632 -0.00763384 -0.01
1921 -0.0526316 -0.00728169 -0
1922 -0.0526316 -0.00728169 -0.01
1923 -0.05 -0.00692844 -0
1924 -0.05 -0.00692844 -0.01
1925 -0.0473684 -0.00657408 -0
1926 -0.0473684 -0.00657408 -0.01
1927 -0.0447368 -0.00621861 -0
1928 -0.0447368 -0.00621861 -0.01
1929 -0.0421053 -0.00586203 -0
1930 -0.0421053 -0.00586203 -0.01
1931 -0.0394737 -0.00550432 -0
1932 -0.0394737 -0.00550432 -0.01
1933 -0.0368421 -0.00514548 -0
1934 -0.0368421 -0.00514548 -0.01
1935 -0.0342105 -0.00478551 -0
1936 -0.0342105 -0.00478551 -0.01
1937 -0.0315789 -0.0044244 -0
1938 -0.0315789 -0.0044244 -0.01
1939 -0.0289474 -0.00406214 -0
1940 -0.0289474 -0.00406214 -0.01
1941 -0.0263158 -0.00369874 -0
1942 -0.0263158 -0.00369874 -0.01
1943 -0.0236842 -0.00333417 -0
1944 -0.0236842 -0.00333417 -0.01
1945 -0.0210526 -0.00296844 -0
1946 -0.0210526 -0.00296844 -0.01
1947 -0.0184211 -0.00260155 -0
1948 -0.0184211 -0.00260155 -0.01
1949 -0.0157895 -0.00223347 -0
1950 -0.0157895 -0.00223347 -0.01
1951 -0.0131579 -0.00186422 -0
1952 -0.0131579 -0.00186422 -0.01
1953 -0.0105263 -0.00149378 -0
1954 -0.0105263 -0.00149378 -0.01
1955 -0.00789474 -0.00112214 -0
1956 -0.00789474 -0.00112214 -0.01
1957 -0.00526316 -0.000749304 -0
1958 -0.00526316 -0.000749304 -0.01
1959 -0.00263158 -0.000375259 -0
1960 -0.00263158 -0.000375259 -0.01
Elements FluidMesh using FluidNodes
1 4 1 2 3
2 4 1 3 4
3 4 2 5 6
4 4 2 6 3
5 4 5 7 8
6 4 5 8 6
7 4 7 9 10
8 4 7 10 8
9 4 9 11 12
10 4 9 12 10
11 4 11 13 14
12 4 11 14 12
13 4 13 15 16
14 4 13 16 14
15 4 15 17 18
16 4 15 18 16
17 4 17 19 20
18 4 17 20 18
19 4 19 21 22
20 4 19 22 20
21 4 21 23 24
22 4 21 24 22
23 4 23 25 26
24 4 23 26 24
25 4 25 27 28
26 4 25 28 26
27 4 27 29 30
28 4 27 30 28
29 4 29 31 32
30 4 29 32 30
31 4 31 33 34
32 4 31 34 32
33 4 33 35 36
34 4 33 36 34
35 4 35 37 38
36 4 35 38 36
37 4 37 39 40
38 4 37 40 38
39 4 39 41 42
40 4 39 42 40
41 4 41 43 44
42 4 41 44 42
43 4 43 45 46
44 4 43 46 44
45 4 45 47 48
46 4 45 48 46
47 4 47 49 50
48 4 47 50 48
49 4 49 51 52
50 4 49 52 50
51 4 51 53 54
52 4 51 54 52
53 4 53 55 56
54 4 53 56 54
55 4 55 57 58
56 4 55 58 56
57 4 57 59 60
58 4 57 60 58
59 4 59 61 62
60 4 59 62 60
61 4 61 63 64
62 4 61 64 62
63 4 63 65 66
64 4 63 66 64
65 4 65 67 68
66 4 65 68 66
67 4 67 69 70
68 4 67 70 68
69 4 69 71 72
70 4 69 72 70
71 4 71 73 74
72 4 71 74 72
73 4 73 75 76
74 4 73 76 74
75 4 75 77 78
76 4 75 78 76
77 4 77 79 80
78 4 77 80 78
79 4 79 81 82
80 4 79 82 80
81 4 81 83 84
82 4 81 84 82
83 4 83 85 86
84 4 83 86 84
85 4 85 87 88
86 4 85 88 86
87 4 87 89 90
88 4 87 90 88
89 4 89 91 92
90 4 89 92 90
91 4 91 93 94
92 4 91 94 92
93 4 93 95 96
94 4 93 96 94
95 4 95 97 98
96 4 95 98 96
97 4 97 99 100
98 4 97 100 98
99 4 99 101 102
100 4 99 102 100
101 4 101 103 104
102 4 101 104 102
103 4 103 105 106
104 4 103 106 104
105 4 105 107 108
106 4 105 108 106
107 4 107 109 110
108 4 107 110 108
109 4 109 111 112
110 4 109 112 110
111 4 111 113 114
112 4 111 114 112
113 4 113 115 116
114 4 113 116 114
115 4 115 117 118
116 4 115 118 116
117 4 117 119 120
118 4 117 120 118
119 4 119 121 122
120 4 119 122 120
121 4 121 123 124
122 4 121 124 122
123 4 123 125 126
124 4 123 126 124
125 4 125 127 128
126 4 125 128 126
127 4 127 129 130
128 4 127 130 128
129 4 129 131 132
130 4 129 132 130
131 4 131 133 134
132 4 131 134 132
133 4 133 135 136
134 4 133 136 134
135 4 135 137 138
136 4 135 138 136
137 4 137 139 140
138 4 137 140 138
139 4 139 141 142
140 4 139 142 140
141 4 141 143 144
142 4 141 144 142
143 4 143 145 146
144 4 143 146 144
145 4 145 147 148
146 4 145 148 146
147 4 147 149 150
148 4 147 150 148
149 4 149 151 152
150 4 149 152 150
151 4 151 153 154
152 4 151 154 152
153 4 153 155 156
154 4 153 156 154
155 4 155 157 158
156 4 155 158 156
157 4 157 159 160
158 4 157 160 158
159 4 159 161 162
160 4 159 162 160
161 4 161 163 164
162 4 161 164 162
163 4 163 165 166
164 4 163 166 164
165 4 165 167 168
166 4 165 168 166
167 4 167 169 170
168 4 167 170 168
169 4 169 171 172
170 4 169 172 170
171 4 171 173 174
172 4 171 174 172
173 4 173 175 176
174 4 173 176 174
175 4 175 177 178
176 4 175 178 176
177 4 177 179 180
178 4 177 180 178
179 4 179 181 182
180 4 179 182 180
181 4 181 183 184
182 4 181 184 182
183 4 183 185 186
184 4 183 186 184
185 4 185 187 188
186 4 185 188 186
187 4 187 189 190
188 4 187 190 188
189 4 189 191 192
190 4 189 192 190
191 4 191 193 194
192 4 191 194 192
193 4 193 195 196
194 4 193 196 194
195 4 195 197 198
196 4 195 198 196
197 4 197 199 200
198 4 197 200 198
199 4 199 201 202
200 4 199 202 200
201 4 201 203 204
202 4 201 204 202
203 4 203 205 206
204 4 203 206 204
205 4 205 207 208
206 4 205 208 206
207 4 207 209 210
208 4 207 210 208
209 4 209 211 212
210 4 209 212 210
211 4 211 213 214
212 4 211 214 212
213 4 213 215 216
214 4 213 216 214
215 4 215 217 218
216 4 215 218 216
217 4 217 219 220
218 4 217 220 218
219 4 219 221 222
220 4 219 222 220
221 4 221 223 224
222 4 221 224 222
223 4 223 225 226
224 4 223 226 224
225 4 225 227 228
226 4 225 228 226
227 4 227 229 230
228 4 227 230 228
229 4 229 231 232
230 4 229 232 230
231 4 231 233 234
232 4 231 234 232
233 4 233 235 236
234 4 233 236 234
235 4 235 237 238
236 4 235 238 236
237 4 237 239 240
238 4 237 240 238
239 4 239 241 242
240 4 239 242 240
241 4 241 243 244
242 4 241 244 242
243 4 243 245 246
244 4 243 246 244
245 4 245 247 248
246 4 245 248 246
247 4 247 249 250
248 4 247 250 248
249 4 249 251 252
250 4 249 252 250
251 4 251 253 254
252 4 251 254 252
253 4 253 255 256
254 4 253 256 254
255 4 255 257 258
256 4 255 258 256
257 4 257 259 260
258 4 257 260 258
259 4 259 261 262
260 4 259 262 260
261 4 261 263 264
262 4 261 264 262
263 4 263 265 266
264 4 263 266 264
265 4 265 267 268
266 4 265 268 266
267 4 267 269 270
268 4 267 270 268
269 4 269 271 272
270 4 269 272 270
271 4 271 273 274
272 4 271 274 272
273 4 273 275 276
274 4 273 276 274
275 4 275 277 278
276 4 275 278 276
277 4 277 279 280
278 4 277 280 278
279 4 279 281 282
280 4 279 282 280
281 4 281 283 284
282 4 281 284 282
283 4 283 285 286
284 4 283 286 284
285 4 285 287 288
286 4 285 288 286
287 4 287 289 290
288 4 287 290 288
289 4 289 291 292
290 4 289 292 290
291 4 291 293 294
292 4 291 294 292
293 4 293 295 296
294 4 293 296 294
295 4 295 297 298
296 4 295 298 296
297 4 297 299 300
298 4 297 300 298
299 4 299 301 302
300 4 299 302 300
301 4 301 303 304
302 4 301 304 302
303 4 303 305 306
304 4 303 306 304
305 4 305 307 308
306 4 305 308 306
307 4 307 309 310
308 4 307 310 308
309 4 309 311 312
310 4 309 312 310
311 4 311 313 314
312 4 311 314 312
313 4 313 315 316
314 4 313 316 314
315 4 315 317 318
316 4 315 318 316
317 4 317 319 320
318 4 317 320 318
319 4 319 321 322
320 4 319 322 320
321 4 321 323 324
322 4 321 324 322
323 4 323 325 326
324 4 323 326 324
325 4 325 327 328
326 4 325 328 326
327 4 327 329 330
328 4 327 330 328
329 4 329 331 332
330 4 329 332 330
331 4 331 333 334
332 4 331 334 332
333 4 333 335 336
334 4 333 336 334
335 4 335 337 338
336 4 335 338 336
337 4 337 339 340
338 4 337 340 338
339 4 339 341 342
340 4 339 342 340
341 4 341 343 344
342 4 341 344 342
343 4 343 345 346
344 4 343 346 344
345 4 345 347 348
346 4 345 348 346
347 4 347 349 350
348 4 347 350 348
349 4 349 351 352
350 4 349 352 350
351 4 351 353 354
352 4 351 354 352
353 4 353 355 356
354 4 353 356 354
355 4 355 357 358
356 4 355 358 356
357 4 357 359 360
358 4 357 360 358
359 4 359 361 362
360 4 359 362 360
361 4 361 363 364
362 4 361 364 362
363 4 363 365 366
364 4 363 366 364
365 4 365 367 368
366 4 365 368 366
367 4 367 369 370
368 4 367 370 368
369 4 369 371 372
370 4 369 372 370
371 4 371 373 374
372 4 371 374 372
373 4 373 375 376
374 4 373 376 374
375 4 375 377 378
376 4 375 378 376
377 4 377 379 380
378 4 377 380 378
379 4 379 381 382
380 4 379 382 380
381 4 381 383 384
382 4 381 384 382
383 4 383 385 386
384 4 383 386 384
385 4 385 387 388
386 4 385 388 386
387 4 387 389 390
388 4 387 390 388
389 4 389 391 392
390 4 389 392 390
391 4 391 393 394
392 4 391 394 392
393 4 393 395 396
394 4 393 396 394
395 4 395 397 398
396 4 395 398 396
397 4 397 399 400
398 4 397 400 398
399 4 399 401 402
400 4 399 402 400
401 4 401 403 404
402 4 401 404 402
403 4 403 405 406
404 4 403 406 404
405 4 405 407 408
406 4 405 408 406
407 4 407 409 410
408 4 407 410 408
409 4 409 411 412
410 4 409 412 410
411 4 411 413 414
412 4 411 414 412
413 4 413 415 416
414 4 413 416 414
415 4 415 417 418
416 4 415 418 416
417 4 417 419 420
418 4 417 420 418
419 4 419 421 422
420 4 419 422 420
421 4 421 423 424
422 4 421 424 422
423 4 423 425 426
424 4 423 426 424
425 4 425 427 428
426 4 425 428 426
427 4 427 429 430
428 4 427 430 428
429 4 429 431 432
430 4 429 432 430
431 4 431 433 434
432 4 431 434 432
433 4 433 435 436
434 4 433 436 434
435 4 435 437 438
436 4 435 438 436
437 4 437 439 440
438 4 437 440 438
439 4 439 441 442
440 4 439 442 440
441 4 441 443 444
442 4 441 444 442
443 4 443 445 446
444 4 443 446 444
445 4 445 447 448
446 4 445 448 446
447 4 447 449 450
448 4 447 450 448
449 4 449 451 452
450 4 449 452 450
451 4 451 453 454
452 4 451 454 452
453 4 453 455 456
454 4 453 456 454
455 4 455 457 458
456 4 455 458 456
457 4 457 459 460
458 4 457 460 458
459 4 459 461 462
460 4 459 462 460
461 4 461 463 464
462 4 461 464 462
463 4 463 465 466
464 4 463 466 464
465 4 465 467 468
466 4 465 468 466
467 4 467 469 470
468 4 467 470 468
469 4 469 471 472
470 4 469 472 470
471 4 471 473 474
472 4 471 474 472
473 4 473 475 476
474 4 473 476 474
475 4 475 477 478
476 4 475 478 476
477 4 477 479 480
478 4 477 480 478
479 4 479 481 482
480 4 479 482 480
481 4 481 483 484
482 4 481 484 482
483 4 483 485 486
484 4 483 486 484
485 4 485 487 488
486 4 485 488 486
487 4 487 489 490
488 4 487 490 488
489 4 489 491 492
490 4 489 492 490
491 4 491 493 494
492 4 491 494 492
493 4 493 495 496
494 4 493 496 494
495 4 495 497 498
496 4 495 498 496
497 4 497 499 500
498 4 497 500 498
499 4 499 501 502
500 4 499 502 500
501 4 501 503 504
502 4 501 504 502
503 4 503 505 506
504 4 503 506 504
505 4 505 507 508
506 4 505 508 506
507 4 507 509 510
508 4 507 510 508
509 4 509 511 512
510 4 509 512 510
511 4 511 513 514
512 4 511 514 512
513 4 513 515 516
514 4 513 516 514
515 4 515 517 518
516 4 515 518 516
517 4 517 519 520
518 4 517 520 518
519 4 519 521 522
520 4 519 522 520
521 4 521 523 524
522 4 521 524 522
523 4 523 525 526
524 4 523 526 524
525 4 525 527 528
526 4 525 528 526
527 4 527 529 530
528 4 527 530 528
529 4 529 531 532
530 4 529 532 530
531 4 531 533 534
532 4 531 534 532
533 4 533 535 536
534 4 533 536 534
535 4 535 537 538
536 4 535 538 536
537 4 537 539 540
538 4 537 540 538
539 4 539 541 542
540 4 539 542 540
541 4 541 543 544
542 4 541 544 542
543 4 543 545 546
544 4 543 546 544
545 4 545 547 548
546 4 545 548 546
547 4 547 549 550
548 4 547 550 548
549 4 549 551 552
550 4 549 552 550
551 4 551 553 554
552 4 551 554 552
553 4 553 555 556
554 4 553 556 554
555 4 555 557 558
556 4 555 558 556
557 4 557 559 560
558 4 557 560 558
559 4 559 561 562
560 4 559 562 560
561 4 561 563 564
562 4 561 564 562
563 4 563 565 566
564 4 563 566 564
565 4 565 567 568
566 4 565 568 566
567 4 567 569 570
568 4 567 570 568
569 4 569 571 572
570 4 569 572 570
571 4 571 573 574
572 4 571 574 572
573 4 573 575 576
574 4 573 576 574
575 4 575 577 578
576 4 575 578 576
577 4 577 579 580
578 4 577 580 578
579 4 579 581 582
580 4 579 582 580
581 4 581 583 584
582 4 581 584 582
583 4 583 585 586
584 4 583 586 584
585 4 585 587 588
586 4 585 588 586
587 4 587 589 590
588 4 587 590 588
589 4 589 591 592
590 4 589 592 590
591 4 591 593 594
592 4 591 594 592
593 4 593 595 596
594 4 593 596 594
595 4 595 597 598
596 4 595 598 596
597 4 597 599 600
598 4 597 600 598
599 4 599 601 602
600 4 599 602 600
601 4 601 603 604
602 4 601 604 602
603 4 603 605 606
604 4 603 606 604
605 4 605 607 608
606 4 605 608 606
607 4 607 609 610
608 4 607 610 608
609 4 609 611 612
610 4 609 612 610
611 4 611 613 614
612 4 611 614 612
613 4 613 615 616
614 4 613 616 614
615 4 615 617 618
616 4 615 618 616
617 4 617 619 620
618 4 617 620 618
619 4 619 621 622
620 4 619 622 620
621 4 621 623 624
622 4 621 624 622
623 4 623 625 626
624 4 623 626 624
625 4 625 627 628
626 4 625 628 626
627 4 627 629 630
628 4 627 630 628
629 4 629 631 632
630 4 629 632 630
631 4 631 633 634
632 4 631 634 632
633 4 633 635 636
634 4 633 636 634
635 4 635 637 638
636 4 635 638 636
637 4 637 639 640
638 4 637 640 638
639 4 639 641 642
640 4 639 642 640
641 4 641 643 644
642 4 641 644 642
643 4 643 645 646
644 4 643 646 644
645 4 645 647 648
646 4 645 648 646
647 4 647 649 650
648 4 647 650 648
649 4 649 651 652
650 4 649 652 650
651 4 651 653 654
652 4 651 654 652
653 4 653 655 656
654 4 653 656 654
655 4 655 657 658
656 4 655 658 656
657 4 657 659 660
658 4 657 660 658
659 4 659 661 662
660 4 659 662 660
661 4 661 663 664
662 4 661 664 662
663 4 663 665 666
664 4 663 666 664
665 4 665 667 668
666 4 665 668 666
667 4 667 669 670
668 4 667 670 668
669 4 669 671 672
670 4 669 672 670
671 4 671 673 674
672 4 671 674 672
673 4 673 675 676
674 4 673 676 674
675 4 675 677 678
676 4 675 678 676
677 4 677 679 680
678 4 677 680 678
679 4 679 681 682
680 4 679 682 680
681 4 681 683 684
682 4 681 684 682
683 4 683 685 686
684 4 683 686 684
685 4 685 687 688
686 4 685 688 686
687 4 687 689 690
688 4 687 690 688
689 4 689 691 692
690 4 689 692 690
691 4 691 693 694
692 4 691 694 692
693 4 693 695 696
694 4 693 696 694
695 4 695 697 698
696 4 695 698 696
697 4 697 699 700
698 4 697 700 698
699 4 699 701 702
700 4 699 702 700
701 4 701 703 704
702 4 701 704 702
703 4 703 705 706
704 4 703 706 704
705 4 705 707 708
706 4 705 708 706
707 4 707 709 710
708 4 707 710 708
709 4 709 711 712
710 4 709 712 710
711 4 711 713 714
712 4 711 714 712
713 4 713 715 716
714 4 713 716 714
715 4 715 717 718
716 4 715 718 716
717 4 717 719 720
718 4 717 720 718
719 4 719 721 722
720 4 719 722 720
721 4 721 723 724
722 4 721 724 722
723 4 723 725 726
724 4 723 726 724
725 4 725 727 728
726 4 725 728 726
727 4 727 729 730
728 4 727 730 728
729 4 729 731 732
730 4 729 732 730
731 4 731 733 734
732 4 731 734 732
733 4 733 735 736
734 4 733 736 734
735 4 735 737 738
736 4 735 738 736
737 4 737 739 740
738 4 737 740 738
739 4 739 741 742
740 4 739 742 740
741 4 741 743 744
742 4 741 744 742
743 4 743 745 746
744 4 743 746 744
745 4 745 747 748
746 4 745 748 746
747 4 747 749 750
748 4 747 750 748
749 4 749 751 752
750 4 749 752 750
751 4 751 753 754
752 4 751 754 752
753 4 753 755 756
754 4 753 756 754
755 4 755 757 758
756 4 755 758 756
757 4 757 759 760
758 4 757 760 758
759 4 759 761 762
760 4 759 762 760
761 4 761 763 764
762 4 761 764 762
763 4 763 765 766
764 4 763 766 764
765 4 765 767 768
766 4 765 768 766
767 4 767 769 770
768 4 767 770 768
769 4 769 771 772
770 4 769 772 770
771 4 771 773 774
772 4 771 774 772
773 4 773 775 776
774 4 773 776 774
775 4 775 777 778
776 4 775 778 776
777 4 777 779 780
778 4 777 780 778
779 4 779 781 782
780 4 779 782 780
781 4 781 783 784
782 4 781 784 782
783 4 783 785 786
784 4 783 786 784
785 4 785 787 788
786 4 785 788 786
787 4 787 789 790
788 4 787 790 788
789 4 789 791 792
790 4 789 792 790
791 4 791 793 794
792 4 791 794 792
793 4 793 795 796
794 4 793 796 794
795 4 795 797 798
796 4 795 798 796
797 4 797 799 800
798 4 797 800 798
799 4 799 801 802
800 4 799 802 800
801 4 801 803 804
802 4 801 804 802
803 4 803 805 806
804 4 803 806 804
805 4 805 807 808
806 4 805 808 806
807 4 807 809 810
808 4 807 810 808
809 4 809 811 812
810 4 809 812 810
811 4 811 813 814
812 4 811 814 812
813 4 813 815 816
814 4 813 816 814
815 4 815 817 818
816 4 815 818 816
817 4 817 819 820
818 4 817 820 818
819 4 819 821 822
820 4 819 822 820
821 4 821 823 824
822 4 821 824 822
823 4 823 825 826
824 4 823 826 824
825 4 825 827 828
826 4 825 828 826
827 4 827 829 830
828 4 827 830 828
829 4 829 831 832
830 4 829 832 830
831 4 831 833 834
832 4 831 834 832
833 4 833 835 836
834 4 833 836 834
835 4 835 837 838
836 4 835 838 836
837 4 837 839 840
838 4 837 840 838
839 4 839 841 842
840 4 839 842 840
841 4 841 843 844
842 4 841 844 842
843 4 843 845 846
844 4 843 846 844
845 4 845 847 848
846 4 845 848 846
847 4 847 849 850
848 4 847 850 848
849 4 849 851 852
850 4 849 852 850
851 4 851 853 854
852 4 851 854 852
853 4 853 855 856
854 4 853 856 854
855 4 855 857 858
856 4 855 858 856
857 4 857 859 860
858 4 857 860 858
859 4 859 861 862
860 4 859 862 860
861 4 861 863 864
862 4 861 864 862
863 4 863 865 866
864 4 863 866 864
865 4 865 867 868
866 4 865 868 866
867 4 867 869 870
868 4 867 870 868
869 4 869 871 872
870 4 869 872 870
871 4 871 873 874
872 4 871 874 872
873 4 873 875 876
874 4 873 876 874
875 4 875 877 878
876 4 875 878 876
877 4 877 879 880
878 4 877 880 878
879 4 879 881 882
880 4 879 882 880
881 4 881 883 884
882 4 881 884 882
883 4 883 885 886
884 4 883 886 884
885 4 885 887 888
886 4 885 888 886
887 4 887 889 890
888 4 887 890 888
889 4 889 891 892
890 4 889 892 890
891 4 891 893 894
892 4 891 894 892
893 4 893 895 896
894 4 893 896 894
895 4 895 897 898
896 4 895 898 896
897 4 897 899 900
898 4 897 900 898
899 4 899 901 902
900 4 899 902 900
901 4 901 903 904
902 4 901 904 902
903 4 903 905 906
904 4 903 906 904
905 4 905 907 908
906 4 905 908 906
907 4 907 909 910
908 4 907 910 908
909 4 909 911 912
910 4 909 912 910
911 4 911 913 914
912 4 911 914 912
913 4 913 915 916
914 4 913 916 914
915 4 915 917 918
916 4 915 918 916
917 4 917 919 920
918 4 917 920 918
919 4 919 921 922
920 4 919 922 920
921 4 921 923 924
922 4 921 924 922
923 4 923 925 926
924 4 923 926 924
925 4 925 927 928
926 4 925 928 926
927 4 927 929 930
928 4 927 930 928
929 4 929 931 932
930 4 929 932 930
931 4 931 933 934
932 4 931 934 932
933 4 933 935 936
934 4 933 936 934
935 4 935 937 938
936 4 935 938 936
937 4 937 939 940
938 4 937 940 938
939 4 939 941 942
940 4 939 942 940
941 4 941 943 944
942 4 941 944 942
943 4 943 945 946
944 4 943 946 944
945 4 945 947 948
946 4 945 948 946
947 4 947 949 950
948 4 947 950 948
949 4 949 951 952
950 4 949 952 950
951 4 951 953 954
952 4 951 954 952
953 4 953 955 956
954 4 953 956 954
955 4 955 957 958
956 4 955 958 956
957 4 957 959 960
958 4 957 960 958
959 4 959 961 962
960 4 959 962 960
961 4 961 963 964
962 4 961 964 962
963 4 963 965 966
964 4 963 966 964
965 4 965 967 968
966 4 965 968 966
967 4 967 969 970
968 4 967 970 968
969 4 969 971 972
970 4 969 972 970
971 4 971 973 974
972 4 971 974 972
973 4 973 975 976
974 4 973 976 974
975 4 975 977 978
976 4 975 978 976
977 4 977 979 980
978 4 977 980 978
979 4 979 981 982
980 4 979 982 980
981 4 981 983 984
982 4 981 984 982
983 4 983 985 986
984 4 983 986 984
985 4 985 987 988
986 4 985 988 986
987 4 987 989 990
988 4 987 990 988
989 4 989 991 992
990 4 989 992 990
991 4 991 993 994
992 4 991 994 992
993 4 993 995 996
994 4 993 996 994
995 4 995 997 998
996 4 995 998 996
997 4 997 999 1000
998 4 997 1000 998
999 4 999 1001 1002
1000 4 999 1002 1000
1001 4 1001 1003 1004
1002 4 1001 1004 1002
1003 4 1003 1005 1006
1004 4 1003 1006 1004
1005 4 1005 1007 1008
1006 4 1005 1008 1006
1007 4 1007 1009 1010
1008 4 1007 1010 1008
1009 4 1009 1011 1012
1010 4 1009 1012 1010
1011 4 1011 1013 1014
1012 4 1011 1014 1012
1013 4 1013 1015 1016
1014 4 1013 1016 1014
1015 4 1015 1017 1018
1016 4 1015 1018 1016
1017 4 1017 1019 1020
1018 4 1017 1020 1018
1019 4 1019 1021 1022
1020 4 1019 1022 1020
1021 4 1021 1023 1024
1022 4 1021 1024 1022
1023 4 1023 1025 1026
1024 4 1023 1026 1024
1025 4 1025 1027 1028
1026 4 1025 1028 1026
1027 4 1027 1029 1030
1028 4 1027 1030 1028
1029 4 1029 1031 1032
1030 4 1029 1032 1030
1031 4 1031 1033 1034
1032 4 1031 1034 1032
1033 4 1033 1035 1036
1034 4 1033 1036 1034
1035 4 1035 1037 1038
1036 4 1035 1038 1036
1037 4 1037 1039 1040
1038 4 1037 1040 1038
1039 4 1039 1041 1042
1040 4 1039 1042 1040
1041 4 1041 1043 1044
1042 4 1041 1044 1042
1043 4 1043 1045 1046
1044 4 1043 1046 1044
1045 4 1045 1047 1048
1046 4 1045 1048 1046
1047 4 1047 1049 1050
1048 4 1047 1050 1048
1049 4 1049 1051 1052
1050 4 1049 1052 1050
1051 4 1051 1053 1054
1052 4 1051 1054 1052
1053 4 1053 1055 1056
1054 4 1053 1056 1054
1055 4 1055 1057 1058
1056 4 1055 1058 1056
1057 4 1057 1059 1060
1058 4 1057 1060 1058
1059 4 1059 1061 1062
1060 4 1059 1062 1060
1061 4 1061 1063 1064
1062 4 1061 1064 1062
1063 4 1063 1065 1066
1064 4 1063 1066 1064
1065 4 1065 1067 1068
1066 4 1065 1068 1066
1067 4 1067 1069 1070
1068 4 1067 1070 1068
1069 4 1069 1071 1072
1070 4 1069 1072 1070
1071 4 1071 1073 1074
1072 4 1071 1074 1072
1073 4 1073 1075 1076
1074 4 1073 1076 1074
1075 4 1075 1077 1078
1076 4 1075 1078 1076
1077 4 1077 1079 1080
1078 4 1077 1080 1078
1079 4 1079 1081 1082
1080 4 1079 1082 1080
1081 4 1081 1083 1084
1082 4 1081 1084 1082
1083 4 1083 1085 1086
1084 4 1083 1086 1084
1085 4 1085 1087 1088
1086 4 1085 1088 1086
1087 4 1087 1089 1090
1088 4 1087 1090 1088
1089 4 1089 1091 1092
1090 4 1089 1092 1090
1091 4 1091 1093 1094
1092 4 1091 1094 1092
1093 4 1093 1095 1096
1094 4 1093 1096 1094
1095 4 1095 1097 1098
1096 4 1095 1098 1096
1097 4 1097 1099 1100
1098 4 1097 1100 1098
1099 4 1099 1101 1102
1100 4 1099 1102 1100
1101 4 1101 1103 1104
1102 4 1101 1104 1102
1103 4 1103 1105 1106
1104 4 1103 1106 1104
1105 4 1105 1107 1108
1106 4 1105 1108 1106
1107 4 1107 1109 1110
1108 4 1107 1110 1108
1109 4 1109 1111 1112
1110 4 1109 1112 1110
1111 4 1111 1113 1114
1112 4 1111 1114 1112
1113 4 1113 1115 1116
1114 4 1113 1116 1114
1115 4 1115 1117 1118
1116 4 1115 1118 1116
1117 4 1117 1119 1120
1118 4 1117 1120 1118
1119 4 1119 1121 1122
1120 4 1119 1122 1120
1121 4 1121 1123 1124
1122 4 1121 1124 1122
1123 4 1123 1125 1126
1124 4 1123 1126 1124
1125 4 1125 1127 1128
1126 4 1125 1128 1126
1127 4 1127 1129 1130
1128 4 1127 1130 1128
1129 4 1129 1131 1132
1130 4 1129 1132 1130
1131 4 1131 1133 1134
1132 4 1131 1134 1132
1133 4 1133 1135 1136
1134 4 1133 1136 1134
1135 4 1135 1137 1138
1136 4 1135 1138 1136
1137 4 1137 1139 1140
1138 4 1137 1140 1138
1139 4 1139 1141 1142
1140 4 1139 1142 1140
1141 4 1141 1143 1144
1142 4 1141 1144 1142
1143 4 1143 1145 1146
1144 4 1143 1146 1144
1145 4 1145 1147 1148
1146 4 1145 1148 1146
1147 4 1147 1149 1150
1148 4 1147 1150 1148
1149 4 1149 1151 1152
1150 4 1149 1152 1150
1151 4 1151 1153 1154
1152 4 1151 1154 1152
1153 4 1153 1155 1156
1154 4 1153 1156 1154
1155 4 1155 1157 1158
1156 4 1155 1158 1156
1157 4 1157 1159 1160
1158 4 1157 1160 1158
1159 4 1159 1161 1162
1160 4 1159 1162 1160
1161 4 1161 1163 1164
1162 4 1161 1164 1162
1163 4 1163 1165 1166
1164 4 1163 1166 1164
1165 4 1165 1167 1168
1166 4 1165 1168 1166
1167 4 1167 1169 1170
1168 4 1167 1170 1168
1169 4 1169 1171 1172
1170 4 1169 1172 1170
1171 4 1171 1173 1174
1172 4 1171 1174 1172
1173 4 1173 1175 1176
1174 4 1173 1176 1174
1175 4 1175 1177 1178
1176 4 1175 1178 1176
1177 4 1177 1179 1180
1178 4 1177 1180 1178
1179 4 1179 1181 1182
1180 4 1179 1182 1180
1181 4 1181 1183 1184
1182 4 1181 1184 1182
1183 4 1183 1185 1186
1184 4 1183 1186 1184
1185 4 1185 1187 1188
1186 4 1185 1188 1186
1187 4 1187 1189 1190
1188 4 1187 1190 1188
1189 4 1189 1191 1192
1190 4 1189 1192 1190
1191 4 1191 1193 1194
1192 4 1191 1194 1192
1193 4 1193 1195 1196
1194 4 1193 1196 1194
1195 4 1195 1197 1198
1196 4 1195 1198 1196
1197 4 1197 1199 1200
1198 4 1197 1200 1198
1199 4 1199 1201 1202
1200 4 1199 1202 1200
1201 4 1201 1203 1204
1202 4 1201 1204 1202
1203 4 1203 1205 1206
1204 4 1203 1206 1204
1205 4 1205 1207 1208
1206 4 1205 1208 1206
1207 4 1207 1209 1210
1208 4 1207 1210 1208
1209 4 1209 1211 1212
1210 4 1209 1212 1210
1211 4 1211 1213 1214
1212 4 1211 1214 1212
1213 4 1213 1215 1216
1214 4 1213 1216 1214
1215 4 1215 1217 1218
1216 4 1215 1218 1216
1217 4 1217 1219 1220
1218 4 1217 1220 1218
1219 4 1219 1221 1222
1220 4 1219 1222 1220
1221 4 1221 1223 1224
1222 4 1221 1224 1222
1223 4 1223 1225 1226
1224 4 1223 1226 1224
1225 4 1225 1227 1228
1226 4 1225 1228 1226
1227 4 1227 1229 1230
1228 4 1227 1230 1228
1229 4 1229 1231 1232
1230 4 1229 1232 1230
1231 4 1231 1233 1234
1232 4 1231 1234 1232
1233 4 1233 1235 1236
1234 4 1233 1236 1234
1235 4 1235 1237 1238
1236 4 1235 1238 1236
1237 4 1237 1239 1240
1238 4 1237 1240 1238
1239 4 1239 1241 1242
1240 4 1239 1242 1240
1241 4 1241 1243 1244
1242 4 1241 1244 1242
1243 4 1243 1245 1246
1244 4 1243 1246 1244
1245 4 1245 1247 1248
1246 4 1245 1248 1246
1247 4 1247 1249 1250
1248 4 1247 1250 1248
1249 4 1249 1251 1252
1250 4 1249 1252 1250
1251 4 1251 1253 1254
1252 4 1251 1254 1252
1253 4 1253 1255 1256
1254 4 1253 1256 1254
1255 4 1255 1257 1258
1256 4 1255 1258 1256
1257 4 1257 1259 1260
1258 4 1257 1260 1258
1259 4 1259 1261 1262
1260 4 1259 1262 1260
1261 4 1261 1263 1264
1262 4 1261 1264 1262
1263 4 1263 1265 1266
1264 4 1263 1266 1264
1265 4 1265 1267 1268
1266 4 1265 1268 1266
1267 4 1267 1269 1270
1268 4 1267 1270 1268
1269 4 1269 1271 1272
1270 4 1269 1272 1270
1271 4 1271 1273 1274
1272 4 1271 1274 1272
1273 4 1273 1275 1276
1274 4 1273 1276 1274
1275 4 1275 1277 1278
1276 4 1275 1278 1276
1277 4 1277 1279 1280
1278 4 1277 1280 1278
1279 4 1279 1281 1282
1280 4 1279 1282 1280
1281 4 1281 1283 1284
1282 4 1281 1284 1282
1283 4 1283 1285 1286
1284 4 1283 1286 1284
1285 4 1285 1287 1288
1286 4 1285 1288 1286
1287 4 1287 1289 1290
1288 4 1287 1290 1288
1289 4 1289 1291 1292
1290 4 1289 1292 1290
1291 4 1291 1293 1294
1292 4 1291 1294 1292
1293 4 1293 1295 1296
1294 4 1293 1296 1294
1295 4 1295 1297 1298
1296 4 1295 1298 1296
1297 4 1297 1299 1300
1298 4 1297 1300 1298
1299 4 1299 1301 1302
1300 4 1299 1302 1300
1301 4 1301 1303 1304
1302 4 1301 1304 1302
1303 4 1303 1305 1306
1304 4 1303 1306 1304
1305 4 1305 1307 1308
1306 4 1305 1308 1306
1307 4 1307 1309 1310
1308 4 1307 1310 1308
1309 4 1309 1311 1312
1310 4 1309 1312 1310
1311 4 1311 1313 1314
1312 4 1311 1314 1312
1313 4 1313 1315 1316
1314 4 1313 1316 1314
1315 4 1315 1317 1318
1316 4 1315 1318 1316
1317 4 1317 1319 1320
1318 4 1317 1320 1318
1319 4 1319 1321 1322
1320 4 1319 1322 1320
1321 4 1321 1323 1324
1322 4 1321 1324 1322
1323 4 1323 1325 1326
1324 4 1323 1326 1324
1325 4 1325 1327 1328
1326 4 1325 1328 1326
1327 4 1327 1329 1330
1328 4 1327 1330 1328
1329 4 1329 1331 1332
1330 4 1329 1332 1330
1331 4 1331 1333 1334
1332 4 1331 1334 1332
1333 4 1333 1335 1336
1334 4 1333 1336 1334
1335 4 1335 1337 1338
1336 4 1335 1338 1336
1337 4 1337 1339 1340
1338 4 1337 1340 1338
1339 4 1339 1341 1342
1340 4 1339 1342 1340
1341 4 1341 1343 1344
1342 4 1341 1344 1342
1343 4 1343 1345 1346
1344 4 1343 1346 1344
1345 4 1345 1347 1348
1346 4 1345 1348 1346
1347 4 1347 1349 1350
1348 4 1347 1350 1348
1349 4 1349 1351 1352
1350 4 1349 1352 1350
1351 4 1351 1353 1354
1352 4 1351 1354 1352
1353 4 1353 1355 1356
1354 4 1353 1356 1354
1355 4 1355 1357 1358
1356 4 1355 1358 1356
1357 4 1357 1359 1360
1358 4 1357 1360 1358
1359 4 1359 1361 1362
1360 4 1359 1362 1360
1361 4 1361 1363 1364
1362 4 1361 1364 1362
1363 4 1363 1365 1366
1364 4 1363 1366 1364
1365 4 1365 1367 1368
1366 4 1365 1368 1366
1367 4 1367 1369 1370
1368 4 1367 1370 1368
1369 4 1369 1371 1372
1370 4 1369 1372 1370
1371 4 1371 1373 1374
1372 4 1371 1374 1372
1373 4 1373 1375 1376
1374 4 1373 1376 1374
1375 4 1375 1377 1378
1376 4 1375 1378 1376
1377 4 1377 1379 1380
1378 4 1377 1380 1378
1379 4 1379 1381 1382
1380 4 1379 1382 1380
1381 4 1381 1383 1384
1382 4 1381 1384 1382
1383 4 1383 1385 1386
1384 4 1383 1386 1384
1385 4 1385 1387 1388
1386 4 1385 1388 1386
1387 4 1387 1389 1390
1388 4 1387 1390 1388
1389 4 1389 1391 1392
1390 4 1389 1392 1390
1391 4 1391 1393 1394
1392 4 1391 1394 1392
1393 4 1393 1395 1396
1394 4 1393 1396 1394
1395 4 1395 1397 1398
1396 4 1395 1398 1396
1397 4 1397 1399 1400
1398 4 1397 1400 1398
1399 4 1399 1401 1402
1400 4 1399 1402 1400
1401 4 1401 1403 1404
1402 4 1401 1404 1402
1403 4 1403 1405 1406
1404 4 1403 1406 1404
1405 4 1405 1407 1408
1406 4 1405 1408 1406
1407 4 1407 1409 1410
1408 4 1407 1410 1408
1409 4 1409 1411 1412
1410 4 1409 1412 1410
1411 4 1411 1413 1414
1412 4 1411 1414 1412
1413 4 1413 1415 1416
1414 4 1413 1416 1414
1415 4 1415 1417 1418
1416 4 1415 1418 1416
1417 4 1417 1419 1420
1418 4 1417 1420 1418
1419 4 1419 1421 1422
1420 4 1419 1422 1420
1421 4 1421 1423 1424
1422 4 1421 1424 1422
1423 4 1423 1425 1426
1424 4 1423 1426 1424
1425 4 1425 1427 1428
1426 4 1425 1428 1426
1427 4 1427 1429 1430
1428 4 1427 1430 1428
1429 4 1429 1431 1432
1430 4 1429 1432 1430
1431 4 1431 1433 1434
1432 4 1431 1434 1432
1433 4 1433 1435 1436
1434 4 1433 1436 1434
1435 4 1435 1437 1438
1436 4 1435 1438 1436
1437 4 1437 1439 1440
1438 4 1437 1440 1438
1439 4 1439 1441 1442
1440 4 1439 1442 1440
1441 4 1441 1443 1444
1442 4 1441 1444 1442
1443 4 1443 1445 1446
1444 4 1443 1446 1444
1445 4 1445 1447 1448
1446 4 1445 1448 1446
1447 4 1447 1449 1450
1448 4 1447 1450 1448
1449 4 1449 1451 1452
1450 4 1449 1452 1450
1451 4 1451 1453 1454
1452 4 1451 1454 1452
1453 4 1453 1455 1456
1454 4 1453 1456 1454
1455 4 1455 1457 1458
1456 4 1455 1458 1456
1457 4 1457 1459 1460
1458 4 1457 1460 1458
1459 4 1459 1461 1462
1460 4 1459 1462 1460
1461 4 1461 1463 1464
1462 4 1461 1464 1462
1463 4 1463 1465 1466
1464 4 1463 1466 1464
1465 4 1465 1467 1468
1466 4 1465 1468 1466
1467 4 1467 1469 1470
1468 4 1467 1470 1468
1469 4 1469 1471 1472
1470 4 1469 1472 1470
1471 4 1471 1473 1474
1472 4 1471 1474 1472
1473 4 1473 1475 1476
1474 4 1473 1476 1474
1475 4 1475 1477 1478
1476 4 1475 1478 1476
1477 4 1477 1479 1480
1478 4 1477 1480 1478
1479 4 1479 1481 1482
1480 4 1479 1482 1480
1481 4 1481 1483 1484
1482 4 1481 1484 1482
1483 4 1483 1485 1486
1484 4 1483 1486 1484
1485 4 1485 1487 1488
1486 4 1485 1488 1486
1487 4 1487 1489 1490
1488 4 1487 1490 1488
1489 4 1489 1491 1492
1490 4 1489 1492 1490
1491 4 1491 1493 1494
1492 4 1491 1494 1492
1493 4 1493 1495 1496
1494 4 1493 1496 1494
1495 4 1495 1497 1498
1496 4 1495 1498 1496
1497 4 1497 1499 1500
1498 4 1497 1500 1498
1499 4 1499 1501 1502
1500 4 1499 1502 1500
1501 4 1501 1503 1504
1502 4 1501 1504 1502
1503 4 1503 1505 1506
1504 4 1503 1506 1504
1505 4 1505 1507 1508
1506 4 1505 1508 1506
1507 4 1507 1509 1510
1508 4 1507 1510 1508
1509 4 1509 1511 1512
1510 4 1509 1512 1510
1511 4 1511 1513 1514
1512 4 1511 1514 1512
1513 4 1513 1515 1516
1514 4 1513 1516 1514
1515 4 1515 1517 1518
1516 4 1515 1518 1516
1517 4 1517 1519 1520
1518 4 1517 1520 1518
1519 4 1519 1521 1522
1520 4 1519 1522 1520
1521 4 1521 1523 1524
1522 4 1521 1524 1522
1523 4 1523 1525 1526
1524 4 1523 1526 1524
1525 4 1525 1527 1528
1526 4 1525 1528 1526
1527 4 1527 1529 1530
1528 4 1527 1530 1528
1529 4 1529 1531 1532
1530 4 1529 1532 1530
1531 4 1531 1533 1534
1532 4 1531 1534 1532
1533 4 1533 1535 1536
1534 4 1533 1536 1534
1535 4 1535 1537 1538
1536 4 1535 1538 1536
1537 4 1537 1539 1540
1538 4 1537 1540 1538
1539 4 1539 1541 1542
1540 4 1539 1542 1540
1541 4 1541 1543 1544
1542 4 1541 1544 1542
1543 4 1543 1545 1546
1544 4 1543 1546 1544
1545 4 1545 1547 1548
1546 4 1545 1548 1546
1547 4 1547 1549 1550
1548 4 1547 1550 1548
1549 4 1549 1551 1552
1550 4 1549 1552 1550
1551 4 1551 1553 1554
1552 4 1551 1554 1552
1553 4 1553 1555 1556
1554 4 1553 1556 1554
1555 4 1555 1557 1558
1556 4 1555 1558 1556
1557 4 1557 1559 1560
1558 4 1557 1560 1558
1559 4 1559 1561 1562
1560 4 1559 1562 1560
1561 4 1561 1563 1564
1562 4 1561 1564 1562
1563 4 1563 1565 1566
1564 4 1563 1566 1564
1565 4 1565 1567 1568
1566 4 1565 1568 1566
1567 4 1567 1569 1570
1568 4 1567 1570 1568
1569 4 1569 1571 1572
1570 4 1569 1572 1570
1571 4 1571 1573 1574
1572 4 1571 1574 1572
1573 4 1573 1575 1576
1574 4 1573 1576 1574
1575 4 1575 1577 1578
1576 4 1575 1578 1576
1577 4 1577 1579 1580
1578 4 1577 1580 1578
1579 4 1579 1581 1582
1580 4 1579 1582 1580
1581 4 1581 1583 1584
1582 4 1581 1584 1582
1583 4 1583 1585 1586
1584 4 1583 1586 1584
1585 4 1585 1587 1588
1586 4 1585 1588 1586
1587 4 1587 1589 1590
1588 4 1587 1590 1588
1589 4 1589 1591 1592
1590 4 1589 1592 1590
1591 4 1591 1593 1594
1592 4 1591 1594 1592
1593 4 1593 1595 1596
1594 4 1593 1596 1594
1595 4 1595 1597 1598
1596 4 1595 1598 1596
1597 4 1597 1599 1600
1598 4 1597 1600 1598
1599 4 1599 1601 1602
1600 4 1599 1602 1600
1601 4 1601 1603 1604
1602 4 1601 1604 1602
1603 4 1603 1605 1606
1604 4 1603 1606 1604
1605 4 1605 1607 1608
1606 4 1605 1608 1606
1607 4 1607 1609 1610
1608 4 1607 1610 1608
1609 4 1609 1611 1612
1610 4 1609 1612 1610
1611 4 1611 1613 1614
1612 4 1611 1614 1612
1613 4 1613 1615 1616
1614 4 1613 1616 1614
1615 4 1615 1617 1618
1616 4 1615 1618 1616
1617 4 1617 1619 1620
1618 4 1617 1620 1618
1619 4 1619 1621 1622
1620 4 1619 1622 1620
1621 4 1621 1623 1624
1622 4 1621 1624 1622
1623 4 1623 1625 1626
1624 4 1623 1626 1624
1625 4 1625 1627 1628
1626 4 1625 1628 1626
1627 4 1627 1629 1630
1628 4 1627 1630 1628
1629 4 1629 1631 1632
1630 4 1629 1632 1630
1631 4 1631 1633 1634
1632 4 1631 1634 1632
1633 4 1633 1635 1636
1634 4 1633 1636 1634
1635 4 1635 1637 1638
1636 4 1635 1638 1636
1637 4 1637 1639 1640
1638 4 1637 1640 1638
1639 4 1639 1641 1642
1640 4 1639 1642 1640
1641 4 1641 1643 1644
1642 4 1641 1644 1642
1643 4 1643 1645 1646
1644 4 1643 1646 1644
1645 4 1645 1647 1648
1646 4 1645 1648 1646
1647 4 1647 1649 1650
1648 4 1647 1650 1648
1649 4 1649 1651 1652
1650 4 1649 1652 1650
1651 4 1651 1653 1654
1652 4 1651 1654 1652
1653 4 1653 1655 1656
1654 4 1653 1656 1654
1655 4 1655 1657 1658
1656 4 1655 1658 1656
1657 4 1657 1659 1660
1658 4 1657 1660 1658
1659 4 1659 1661 1662
1660 4 1659 1662 1660
1661 4 1661 1663 1664
1662 4 1661 1664 1662
1663 4 1663 1665 1666
1664 4 1663 1666 1664
1665 4 1665 1667 1668
1666 4 1665 1668 1666
1667 4 1667 1669 1670
1668 4 1667 1670 1668
1669 4 1669 1671 1672
1670 4 1669 1672 1670
1671 4 1671 1673 1674
1672 4 1671 1674 1672
1673 4 1673 1675 1676
1674 4 1673 1676 1674
1675 4 1675 1677 1678
1676 4 1675 1678 1676
1677 4 1677 1679 1680
1678 4 1677 1680 1678
1679 4 1679 1681 1682
1680 4 1679 1682 1680
1681 4 1681 1683 1684
1682 4 1681 1684 1682
1683 4 1683 1685 1686
1684 4 1683 1686 1684
1685 4 1685 1687 1688
1686 4 1685 1688 1686
1687 4 1687 1689 1690
1688 4 1687 1690 1688
1689 4 1689 1691 1692
1690 4 1689 1692 1690
1691 4 1691 1693 1694
1692 4 1691 1694 1692
1693 4 1693 1695 1696
1694 4 1693 1696 1694
1695 4 1695 1697 1698
1696 4 1695 1698 1696
1697 4 1697 1699 1700
1698 4 1697 1700 1698
1699 4 1699 1701 1702
1700 4 1699 1702 1700
1701 4 1701 1703 1704
1702 4 1701 1704 1702
1703 4 1703 1705 1706
1704 4 1703 1706 1704
1705 4 1705 1707 1708
1706 4 1705 1708 1706
1707 4 1707 1709 1710
1708 4 1707 1710 1708
1709 4 1709 1711 1712
1710 4 1709 1712 1710
1711 4 1711 1713 1714
1712 4 1711 1714 1712
1713 4 1713 1715 1716
1714 4 1713 1716 1714
1715 4 1715 1717 1718
1716 4 1715 1718 1716
1717 4 1717 1719 1720
1718 4 1717 1720 1718
1719 4 1719 1721 1722
1720 4 1719 1722 1720
1721 4 1721 1723 1724
1722 4 1721 1724 1722
1723 4 1723 1725 1726
1724 4 1723 1726 1724
1725 4 1725 1727 1728
1726 4 1725 1728 1726
1727 4 1727 1729 1730
1728 4 1727 1730 1728
1729 4 1729 1731 1732
1730 4 1729 1732 1730
1731 4 1731 1733 1734
1732 4 1731 1734 1732
1733 4 1733 1735 1736
1734 4 1733 1736 1734
1735 4 1735 1737 1738
1736 4 1735 1738 1736
1737 4 1737 1739 1740
1738 4 1737 1740 1738
1739 4 1739 1741 1742
1740 4 1739 1742 1740
1741 4 1741 1743 1744
1742 4 1741 1744 1742
1743 4 1743 1745 1746
1744 4 1743 1746 1744
1745 4 1745 1747 1748
1746 4 1745 1748 1746
1747 4 1747 1749 1750
1748 4 1747 1750 1748
1749 4 1749 1751 1752
1750 4 1749 1752 1750
1751 4 1751 1753 1754
1752 4 1751 1754 1752
1753 4 1753 1755 1756
1754 4 1753 1756 1754
1755 4 1755 1757 1758
1756 4 1755 1758 1756
1757 4 1757 1759 1760
1758 4 1757 1760 1758
1759 4 1759 1761 1762
1760 4 1759 1762 1760
1761 4 1761 1763 1764
1762 4 1761 1764 1762
1763 4 1763 1765 1766
1764 4 1763 1766 1764
1765 4 1765 1767 1768
1766 4 1765 1768 1766
1767 4 1767 1769 1770
1768 4 1767 1770 1768
1769 4 1769 1771 1772
1770 4 1769 1772 1770
1771 4 1771 1773 1774
1772 4 1771 1774 1772
1773 4 1773 1775 1776
1774 4 1773 1776 1774
1775 4 1775 1777 1778
1776 4 1775 1778 1776
1777 4 1777 1779 1780
1778 4 1777 1780 1778
1779 4 1779 1781 1782
1780 4 1779 1782 1780
1781 4 1781 1783 1784
1782 4 1781 1784 1782
1783 4 1783 1785 1786
1784 4 1783 1786 1784
1785 4 1785 1787 1788
1786 4 1785 1788 1786
1787 4 1787 1789 1790
1788 4 1787 1790 1788
1789 4 1789 1791 1792
1790 4 1789 1792 1790
1791 4 1791 1793 1794
1792 4 1791 1794 1792
1793 4 1793 1795 1796
1794 4 1793 1796 1794
1795 4 1795 1797 1798
1796 4 1795 1798 1796
1797 4 1797 1799 1800
1798 4 1797 1800 1798
1799 4 1799 1801 1802
1800 4 1799 1802 1800
1801 4 1801 1803 1804
1802 4 1801 1804 1802
1803 4 1803 1805 1806
1804 4 1803 1806 1804
1805 4 1805 1807 1808
1806 4 1805 1808 1806
1807 4 1807 1809 1810
1808 4 1807 1810 1808
1809 4 1809 1811 1812
1810 4 1809 1812 1810
1811 4 1811 1813 1814
1812 4 1811 1814 1812
1813 4 1813 1815 1816
1814 4 1813 1816 1814
1815 4 1815 1817 1818
1816 4 1815 1818 1816
1817 4 1817 1819 1820
1818 4 1817 1820 1818
1819 4 1819 1821 1822
1820 4 1819 1822 1820
1821 4 1821 1823 1824
1822 4 1821 1824 1822
1823 4 1823 1825 1826
1824 4 1823 1826 1824
1825 4 1825 1827 1828
1826 4 1825 1828 1826
1827 4 1827 1829 1830
1828 4 1827 1830 1828
1829 4 1829 1831 1832
1830 4 1829 1832 1830
1831 4 1831 1833 1834
1832 4 1831 1834 1832
1833 4 1833 1835 1836
1834 4 1833 1836 1834
1835 4 1835 1837 1838
1836 4 1835 1838 1836
1837 4 1837 1839 1840
1838 4 1837 1840 1838
1839 4 1839 1841 1842
1840 4 1839 1842 1840
1841 4 1841 1843 1844
1842 4 1841 1844 1842
1843 4 1843 1845 1846
1844 4 1843 1846 1844
1845 4 1845 1847 1848
1846 4 1845 1848 1846
1847 4 1847 1849 1850
1848 4 1847 1850 1848
1849 4 1849 1851 1852
1850 4 1849 1852 1850
1851 4 1851 1853 1854
1852 4 1851 1854 1852
1853 4 1853 1855 1856
1854 4 1853 1856 1854
1855 4 1855 1857 1858
1856 4 1855 1858 1856
1857 4 1857 1859 1860
1858 4 1857 1860 1858
1859 4 1859 1861 1862
1860 4 1859 1862 1860
1861 4 1861 1863 1864
1862 4 1861 1864 1862
1863 4 1863 1865 1866
1864 4 1863 1866 1864
1865 4 1865 1867 1868
1866 4 1865 1868 1866
1867 4 1867 1869 1870
1868 4 1867 1870 1868
1869 4 1869 1871 1872
1870 4 1869 1872 1870
1871 4 1871 1873 1874
1872 4 1871 1874 1872
1873 4 1873 1875 1876
1874 4 1873 1876 1874
1875 4 1875 1877 1878
1876 4 1875 1878 1876
1877 4 1877 1879 1880
1878 4 1877 1880 1878
1879 4 1879 1881 1882
1880 4 1879 1882 1880
1881 4 1881 1883 1884
1882 4 1881 1884 1882
1883 4 1883 1885 1886
1884 4 1883 1886 1884
1885 4 1885 1887 1888
1886 4 1885 1888 1886
1887 4 1887 1889 1890
1888 4 1887 1890 1888
1889 4 1889 1891 1892
1890 4 1889 1892 1890
1891 4 1891 1893 1894
1892 4 1891 1894 1892
1893 4 1893 1895 1896
1894 4 1893 1896 1894
1895 4 1895 1897 1898
1896 4 1895 1898 1896
1897 4 1897 1899 1900
1898 4 1897 1900 1898
1899 4 1899 1901 1902
1900 4 1899 1902 1900
1901 4 1901 1903 1904
1902 4 1901 1904 1902
1903 4 1903 1905 1906
1904 4 1903 1906 1904
1905 4 1905 1907 1908
1906 4 1905 1908 1906
1907 4 1907 1909 1910
1908 4 1907 1910 1908
1909 4 1909 1911 1912
1910 4 1909 1912 1910
1911 4 1911 1913 1914
1912 4 1911 1914 1912
1913 4 1913 1915 1916
1914 4 1913 1916 1914
1915 4 1915 1917 1918
1916 4 1915 1918 1916
1917 4 1917 1919 1920
1918 4 1917 1920 1918
1919 4 1919 1921 1922
1920 4 1919 1922 1920
1921 4 1921 1923 1924
1922 4 1921 1924 1922
1923 4 1923 1925 1926
1924 4 1923 1926 1924
1925 4 1925 1927 1928
1926 4 1925 1928 1926
1927 4 1927 1929 1930
1928 4 1927 1930 1928
1929 4 1929 1931 1932
1930 4 1929 1932 1930
1931 4 1931 1933 1934
1932 4 1931 1934 1932
1933 4 1933 1935 1936
1934 4 1933 1936 1934
1935 4 1935 1937 1938
1936 4 1935 1938 1936
1937 4 1937 1939 1940
1938 4 1937 1940 1938
1939 4 1939 1941 1942
1940 4 1939 1942 1940
1941 4 1941 1943 1944
1942 4 1941 1944 1942
1943 4 1943 1945 1946
1944 4 1943 1946 1944
1945 4 1945 1947 1948
1946 4 1945 1948 1946
1947 4 1947 1949 1950
1948 4 1947 1950 1948
1949 4 1949 1951 1952
1950 4 1949 1952 1950
1951 4 1951 1953 1954
1952 4 1951 1954 1952
1953 4 1953 1955 1956
1954 4 1953 1956 1954
1955 4 1955 1957 1958
1956 4 1955 1958 1956
1957 4 1957 1959 1960
1958 4 1957 1960 1958
1959 4 1 1960 1959
1960 4 1 4 1960
